0,1,110,4,1
0,2,186,4,2
0,3,168,4,3
0,4,121,4,4
0,5,163,4,5
0,6,126,4,6
0,7,145,4,7
0,17,131,4,8
0,27,174,4,9
0,28,185,4,10
0,29,120,4,11
0,30,102,4,12
0,34,181,4,13
0,35,153,4,14
0,36,117,4,15
0,37,161,4,16
0,38,191,4,17
0,39,119,4,18
1,11,111,4,19
1,12,172,4,20
1,13,138,4,21
1,14,113,4,22
1,15,126,4,23
1,16,193,4,24
1,17,125,4,25
1,18,142,4,26
1,19,116,4,27
1,20,149,4,28
1,21,183,4,29
1,22,187,4,30
1,23,134,4,31
1,24,168,4,32
1,25,149,4,33
1,26,123,4,34
1,27,117,4,35
1,28,173,4,36
1,24,168,4,37
1,25,149,4,38
1,26,123,4,39
1,27,117,4,40
1,28,173,4,41
1,29,138,4,42
1,30,149,4,43
1,31,142,4,44
1,32,140,4,45
1,33,146,4,46
1,34,164,4,47
1,35,190,4,48
1,36,168,4,49
1,37,106,4,50
1,38,182,4,51
1,39,178,4,52
2,3,155,4,53
2,4,159,4,54
2,5,116,4,55
2,6,110,4,56
2,7,114,4,57
2,8,150,4,58
2,9,122,4,59
2,10,196,4,60
2,11,123,4,61
2,12,198,4,62
2,13,193,4,63
2,14,113,4,64
2,15,173,4,65
2,20,141,4,66
2,21,106,4,67
2,22,180,4,68
2,23,123,4,69
2,24,116,4,70
2,25,177,4,71
2,26,109,4,72
2,27,109,4,73
2,28,137,4,74
2,29,139,4,75
2,30,191,4,76
2,31,131,4,77
2,32,115,4,78
2,33,128,4,79
2,34,121,4,80
2,35,147,4,81
2,36,186,4,82
2,37,155,4,83
2,38,186,4,84
2,39,119,4,85
3,4,155,4,86
3,5,105,4,87
3,6,160,4,88
3,7,128,4,89
3,8,188,4,90
3,9,155,4,91
3,10,188,4,92
3,11,158,4,93
3,12,169,4,94
3,13,166,4,95
3,14,150,4,96
3,15,152,4,97
3,16,124,4,98
3,17,117,4,99
3,18,154,4,100
3,19,119,4,101
3,20,135,4,102
3,21,137,4,103
3,22,140,4,104
3,23,174,4,105
3,24,104,4,106
3,25,116,4,107
3,26,132,4,108
3,27,167,4,109
3,28,142,4,110
3,29,163,4,111
4,8,142,4,112
4,9,187,4,113
4,10,143,4,114
4,11,131,4,115
4,12,106,4,116
4,13,142,4,117
4,14,103,4,118
4,15,109,4,119
4,16,140,4,120
4,17,103,4,121
4,18,112,4,122
4,19,178,4,123
4,20,143,4,124
4,21,109,4,125
4,22,152,4,126
4,23,124,4,127
4,24,161,4,128
4,25,159,4,129
4,26,189,4,130
4,27,194,4,131
4,28,124,4,132
4,29,152,4,133
4,30,125,4,134
4,31,157,4,135
4,32,168,4,136
5,6,103,4,137
5,7,170,4,138
5,8,171,4,139
5,9,169,4,140
5,10,146,4,141
5,11,174,4,142
5,12,147,4,143
5,13,199,4,144
5,14,109,4,145
5,15,179,4,146
5,16,166,4,147
5,17,151,4,148
5,18,152,4,149
5,19,119,4,150