0-1-[[0, 13, 3, 1]:3.0, [0, 13, 5, 3, 1]:4.0, [0, 12, 10, 3, 1]:4.0, [0, 13, 36, 3, 1]:4.0]
0-2-[[0, 13, 3, 1, 39, 22, 21, 2]:7.0, [0, 13, 3, 1, 39, 22, 23, 2]:7.0, [0, 13, 5, 29, 9, 22, 23, 2]:7.0, [0, 13, 3, 1, 39, 26, 25, 2]:7.0]
0-3-[[0, 13, 3]:2.0, [0, 13, 5, 3]:3.0, [0, 12, 10, 3]:3.0, [0, 13, 36, 3]:3.0]
0-4-[[0, 28, 37, 4]:3.0, [0, 28, 37, 33, 4]:4.0, [0, 12, 28, 37, 4]:4.0, [0, 16, 28, 37, 4]:4.0]
0-5-[[0, 13, 5]:2.0, [0, 13, 36, 5]:3.0, [0, 12, 10, 5]:3.0, [0, 13, 3, 5]:3.0]
0-6-[[0, 28, 37, 24, 6]:4.0, [0, 16, 36, 24, 6]:4.0, [0, 13, 5, 29, 6]:4.0, [0, 13, 36, 24, 6]:4.0]
0-7-[[0, 13, 5, 29, 38, 11, 14, 7]:7.0, [0, 13, 5, 29, 38, 11, 15, 7]:7.0, [0, 28, 37, 33, 20, 34, 32, 7]:7.0, [0, 13, 5, 29, 38, 27, 15, 7]:7.0]
0-8-[[0, 13, 3, 1, 39, 26, 18, 8]:7.0, [0, 13, 5, 29, 38, 11, 15, 8]:7.0, [0, 16, 36, 24, 35, 30, 18, 8]:7.0, [0, 13, 5, 29, 38, 11, 14, 8]:7.0]
0-9-[[0, 13, 5, 29, 9]:4.0, [0, 13, 5, 29, 35, 9]:5.0, [0, 13, 36, 24, 35, 9]:5.0, [0, 12, 10, 5, 29, 9]:5.0]
0-10-[[0, 12, 10]:2.0, [0, 19, 10]:2.0, [0, 12, 19, 10]:3.0, [0, 16, 19, 10]:3.0]
0-11-[[0, 13, 5, 29, 38, 11]:5.0, [0, 28, 37, 33, 38, 11]:5.0, [0, 13, 36, 5, 29, 38, 11]:6.0, [0, 28, 37, 4, 33, 38, 11]:6.0]
0-12-[[0, 12]:1.0, [0, 19, 12]:2.0, [0, 28, 12]:2.0, [0, 19, 10, 12]:3.0]
0-13-[[0, 13]:1.0, [0, 28, 13]:2.0, [0, 12, 28, 13]:3.0, [0, 16, 36, 13]:3.0]
0-14-[[0, 13, 5, 29, 38, 11, 14]:6.0, [0, 28, 37, 33, 38, 11, 14]:6.0, [0, 13, 5, 29, 38, 11, 15, 14]:7.0, [0, 13, 5, 29, 38, 27, 15, 14]:7.0]
0-15-[[0, 13, 5, 29, 38, 11, 15]:6.0, [0, 13, 5, 29, 38, 27, 15]:6.0, [0, 28, 37, 33, 20, 27, 15]:6.0, [0, 28, 37, 33, 38, 11, 15]:6.0]
0-16-[[0, 16]:1.0, [0, 19, 16]:2.0, [0, 28, 16]:2.0, [0, 12, 19, 16]:3.0]
0-17-[[0, 13, 3, 1, 39, 22, 21, 17]:7.0, [0, 13, 3, 1, 39, 22, 23, 17]:7.0, [0, 13, 5, 29, 9, 22, 23, 17]:7.0, [0, 13, 3, 1, 39, 26, 25, 17]:7.0]
0-18-[[0, 13, 3, 1, 39, 26, 18]:6.0, [0, 13, 5, 29, 38, 27, 18]:6.0, [0, 16, 36, 24, 35, 30, 18]:6.0, [0, 13, 5, 29, 35, 30, 18]:6.0]
0-19-[[0, 19]:1.0, [0, 12, 19]:2.0, [0, 16, 19]:2.0, [0, 12, 10, 19]:3.0]
0-20-[[0, 28, 37, 33, 20]:4.0, [0, 28, 37, 33, 38, 20]:5.0, [0, 28, 37, 4, 33, 20]:5.0, [0, 12, 28, 37, 33, 20]:5.0]
0-21-[[0, 13, 3, 1, 39, 22, 21]:6.0, [0, 13, 5, 29, 9, 22, 21]:6.0, [0, 13, 3, 1, 39, 22, 23, 21]:7.0, [0, 13, 3, 1, 39, 9, 22, 21]:7.0]
0-22-[[0, 13, 3, 1, 39, 22]:5.0, [0, 13, 5, 29, 9, 22]:5.0, [0, 13, 3, 1, 39, 9, 22]:6.0, [0, 12, 10, 5, 29, 9, 22]:6.0]
0-23-[[0, 13, 3, 1, 39, 22, 23]:6.0, [0, 13, 5, 29, 9, 22, 23]:6.0, [0, 13, 3, 1, 39, 22, 21, 23]:7.0, [0, 13, 3, 1, 39, 26, 25, 23]:7.0]
0-24-[[0, 28, 37, 24]:3.0, [0, 16, 36, 24]:3.0, [0, 13, 36, 24]:3.0, [0, 28, 16, 36, 24]:4.0]
1-0-[[1, 3, 13, 0]:3.0, [1, 3, 13, 28, 0]:4.0, [1, 4, 37, 28, 0]:4.0, [1, 3, 5, 13, 0]:4.0]
1-2-[[1, 39, 26, 25, 2]:4.0, [1, 39, 22, 23, 2]:4.0, [1, 39, 22, 21, 2]:4.0, [1, 39, 26, 25, 17, 2]:5.0]
1-3-[[1, 3]:1.0, [1, 31, 24, 36, 3]:4.0, [1, 31, 24, 36, 5, 3]:5.0, [1, 39, 9, 29, 5, 3]:5.0]
1-4-[[1, 4]:1.0, [1, 31, 4]:2.0, [1, 31, 33, 4]:3.0, [1, 31, 33, 37, 4]:4.0]
1-5-[[1, 3, 5]:2.0, [1, 3, 13, 5]:3.0, [1, 3, 36, 5]:3.0, [1, 3, 10, 5]:3.0]
1-6-[[1, 39, 9, 6]:3.0, [1, 31, 24, 6]:3.0, [1, 39, 9, 35, 6]:4.0, [1, 31, 24, 35, 6]:4.0]
1-7-[[1, 39, 26, 18, 8, 7]:5.0, [1, 39, 26, 34, 32, 7]:5.0, [1, 39, 26, 18, 8, 15, 7]:6.0, [1, 31, 33, 38, 11, 15, 7]:6.0]
1-8-[[1, 39, 26, 18, 8]:4.0, [1, 39, 26, 34, 32, 8]:5.0, [1, 39, 26, 30, 18, 8]:5.0, [1, 39, 26, 25, 18, 8]:5.0]
1-9-[[1, 39, 9]:2.0, [1, 39, 22, 9]:3.0, [1, 31, 24, 35, 9]:4.0, [1, 31, 24, 6, 9]:4.0]
1-10-[[1, 3, 10]:2.0, [1, 3, 5, 10]:3.0, [1, 3, 13, 5, 10]:4.0, [1, 3, 36, 5, 10]:4.0]
1-11-[[1, 31, 33, 38, 11]:4.0, [1, 4, 33, 38, 11]:4.0, [1, 31, 33, 20, 38, 11]:5.0, [1, 31, 4, 33, 38, 11]:5.0]
1-12-[[1, 3, 10, 12]:3.0, [1, 3, 10, 19, 12]:4.0, [1, 4, 37, 28, 12]:4.0, [1, 3, 5, 10, 12]:4.0]
1-13-[[1, 3, 13]:2.0, [1, 3, 5, 13]:3.0, [1, 3, 36, 13]:3.0, [1, 31, 24, 36, 13]:4.0]
1-14-[[1, 39, 26, 18, 8, 14]:5.0, [1, 31, 33, 38, 11, 14]:5.0, [1, 4, 33, 38, 11, 14]:5.0, [1, 39, 26, 18, 8, 15, 14]:6.0]
1-15-[[1, 39, 26, 18, 8, 15]:5.0, [1, 39, 26, 18, 27, 15]:5.0, [1, 31, 33, 20, 27, 15]:5.0, [1, 31, 33, 38, 11, 15]:5.0]
1-16-[[1, 3, 36, 16]:3.0, [1, 3, 5, 36, 16]:4.0, [1, 31, 24, 36, 16]:4.0, [1, 3, 13, 28, 16]:4.0]
1-17-[[1, 39, 26, 25, 17]:4.0, [1, 39, 22, 23, 17]:4.0, [1, 39, 22, 21, 17]:4.0, [1, 39, 26, 25, 2, 17]:5.0]
1-18-[[1, 39, 26, 18]:3.0, [1, 39, 26, 30, 18]:4.0, [1, 39, 26, 25, 18]:4.0, [1, 39, 22, 23, 25, 18]:5.0]
1-19-[[1, 3, 10, 19]:3.0, [1, 3, 10, 12, 19]:4.0, [1, 3, 5, 10, 19]:4.0, [1, 3, 13, 0, 19]:4.0]
1-20-[[1, 31, 33, 20]:3.0, [1, 4, 33, 20]:3.0, [1, 31, 33, 38, 20]:4.0, [1, 4, 33, 38, 20]:4.0]
1-21-[[1, 39, 22, 21]:3.0, [1, 39, 22, 23, 21]:4.0, [1, 39, 9, 22, 21]:4.0, [1, 39, 22, 23, 2, 21]:5.0]
1-22-[[1, 39, 22]:2.0, [1, 39, 9, 22]:3.0, [1, 31, 24, 6, 9, 22]:5.0, [1, 39, 26, 25, 23, 22]:5.0]
1-23-[[1, 39, 22, 23]:3.0, [1, 39, 22, 21, 23]:4.0, [1, 39, 26, 25, 23]:4.0, [1, 39, 9, 22, 23]:4.0]
1-24-[[1, 31, 24]:2.0, [1, 3, 36, 24]:3.0, [1, 4, 37, 24]:3.0, [1, 4, 31, 24]:3.0]
2-0-[[2, 23, 22, 9, 29, 5, 13, 0]:7.0, [2, 23, 22, 39, 1, 3, 13, 0]:7.0, [2, 25, 26, 39, 1, 3, 13, 0]:7.0, [2, 21, 22, 9, 29, 5, 13, 0]:7.0]
2-1-[[2, 23, 22, 39, 1]:4.0, [2, 25, 26, 39, 1]:4.0, [2, 21, 22, 39, 1]:4.0, [2, 23, 22, 9, 39, 1]:5.0]
2-3-[[2, 23, 22, 39, 1, 3]:5.0, [2, 25, 26, 39, 1, 3]:5.0, [2, 21, 22, 39, 1, 3]:5.0, [2, 23, 22, 9, 29, 5, 3]:6.0]
2-4-[[2, 23, 22, 39, 1, 4]:5.0, [2, 25, 26, 39, 1, 4]:5.0, [2, 21, 22, 39, 1, 4]:5.0, [2, 23, 22, 39, 1, 31, 4]:6.0]
2-5-[[2, 23, 22, 9, 29, 5]:5.0, [2, 21, 22, 9, 29, 5]:5.0, [2, 23, 22, 9, 35, 29, 5]:6.0, [2, 23, 22, 39, 1, 3, 5]:6.0]
2-6-[[2, 23, 22, 9, 6]:4.0, [2, 21, 22, 9, 6]:4.0, [2, 23, 22, 9, 35, 6]:5.0, [2, 23, 21, 22, 9, 6]:5.0]
2-7-[[2, 25, 18, 8, 7]:4.0, [2, 25, 18, 8, 15, 7]:5.0, [2, 25, 26, 34, 32, 7]:5.0, [2, 17, 25, 18, 8, 7]:5.0]
2-8-[[2, 25, 18, 8]:3.0, [2, 25, 26, 18, 8]:4.0, [2, 17, 25, 18, 8]:4.0, [2, 23, 25, 18, 8]:4.0]
2-9-[[2, 23, 22, 9]:3.0, [2, 21, 22, 9]:3.0, [2, 23, 22, 39, 9]:4.0, [2, 21, 22, 39, 9]:4.0]
2-10-[[2, 23, 22, 9, 29, 5, 10]:6.0, [2, 23, 22, 39, 1, 3, 10]:6.0, [2, 25, 26, 39, 1, 3, 10]:6.0, [2, 21, 22, 9, 29, 5, 10]:6.0]
2-11-[[2, 25, 18, 27, 38, 11]:5.0, [2, 25, 18, 27, 15, 11]:5.0, [2, 25, 18, 8, 15, 11]:5.0, [2, 25, 26, 34, 32, 11]:5.0]
2-12-[[2, 23, 22, 9, 29, 5, 10, 12]:7.0, [2, 23, 22, 39, 1, 3, 10, 12]:7.0, [2, 25, 26, 39, 1, 3, 10, 12]:7.0, [2, 21, 22, 9, 29, 5, 10, 12]:7.0]
2-13-[[2, 23, 22, 9, 29, 5, 13]:6.0, [2, 23, 22, 39, 1, 3, 13]:6.0, [2, 25, 26, 39, 1, 3, 13]:6.0, [2, 21, 22, 9, 29, 5, 13]:6.0]
2-14-[[2, 25, 18, 8, 14]:4.0, [2, 25, 18, 8, 15, 14]:5.0, [2, 25, 26, 18, 8, 14]:5.0, [2, 17, 25, 18, 8, 14]:5.0]
2-15-[[2, 25, 18, 8, 15]:4.0, [2, 25, 18, 27, 15]:4.0, [2, 25, 18, 8, 14, 15]:5.0, [2, 17, 25, 18, 27, 15]:5.0]
2-16-[[2, 23, 22, 9, 29, 5, 36, 16]:7.0, [2, 23, 22, 9, 35, 24, 36, 16]:7.0, [2, 25, 26, 39, 1, 3, 36, 16]:7.0, [2, 23, 22, 39, 1, 3, 36, 16]:7.0]
2-17-[[2, 17]:1.0, [2, 25, 17]:2.0, [2, 21, 17]:2.0, [2, 23, 17]:2.0]
2-18-[[2, 25, 18]:2.0, [2, 25, 26, 18]:3.0, [2, 17, 25, 18]:3.0, [2, 23, 25, 18]:3.0]
2-19-[[2, 23, 22, 9, 29, 5, 10, 19]:7.0, [2, 23, 22, 39, 1, 3, 10, 19]:7.0, [2, 25, 26, 39, 1, 3, 10, 19]:7.0, [2, 21, 22, 9, 29, 5, 10, 19]:7.0]
2-20-[[2, 25, 26, 34, 20]:4.0, [2, 25, 18, 27, 20]:4.0, [2, 25, 26, 18, 27, 20]:5.0, [2, 17, 25, 18, 27, 20]:5.0]
2-21-[[2, 21]:1.0, [2, 17, 21]:2.0, [2, 23, 21]:2.0, [2, 17, 23, 21]:3.0]
2-22-[[2, 23, 22]:2.0, [2, 21, 22]:2.0, [2, 23, 21, 22]:3.0, [2, 17, 23, 22]:3.0]
2-23-[[2, 23]:1.0, [2, 17, 23]:2.0, [2, 25, 23]:2.0, [2, 21, 23]:2.0]
2-24-[[2, 23, 22, 9, 6, 24]:5.0, [2, 23, 22, 9, 35, 24]:5.0, [2, 25, 18, 30, 35, 24]:5.0, [2, 25, 26, 30, 35, 24]:5.0]
3-0-[[3, 13, 0]:2.0, [3, 13, 28, 0]:3.0, [3, 5, 13, 0]:3.0, [3, 36, 16, 0]:3.0]
3-1-[[3, 1]:1.0, [3, 36, 24, 31, 1]:4.0, [3, 36, 24, 31, 4, 1]:5.0, [3, 36, 24, 37, 4, 1]:5.0]
3-2-[[3, 1, 39, 22, 23, 2]:5.0, [3, 1, 39, 22, 21, 2]:5.0, [3, 1, 39, 26, 25, 2]:5.0, [3, 1, 39, 22, 23, 17, 2]:6.0]
3-4-[[3, 1, 4]:2.0, [3, 1, 31, 4]:3.0, [3, 13, 28, 37, 4]:4.0, [3, 1, 31, 33, 4]:4.0]
3-5-[[3, 5]:1.0, [3, 13, 5]:2.0, [3, 36, 5]:2.0, [3, 10, 5]:2.0]
3-6-[[3, 36, 24, 6]:3.0, [3, 5, 29, 6]:3.0, [3, 36, 24, 35, 6]:4.0, [3, 5, 29, 35, 6]:4.0]
3-7-[[3, 5, 29, 38, 11, 14, 7]:6.0, [3, 5, 29, 38, 11, 15, 7]:6.0, [3, 1, 39, 26, 34, 32, 7]:6.0, [3, 5, 29, 38, 11, 32, 7]:6.0]
3-8-[[3, 1, 39, 26, 18, 8]:5.0, [3, 1, 39, 26, 34, 32, 8]:6.0, [3, 5, 29, 38, 11, 15, 8]:6.0, [3, 1, 39, 26, 30, 18, 8]:6.0]
3-9-[[3, 5, 29, 9]:3.0, [3, 1, 39, 9]:3.0, [3, 5, 29, 35, 9]:4.0, [3, 1, 39, 22, 9]:4.0]
3-10-[[3, 10]:1.0, [3, 5, 10]:2.0, [3, 13, 5, 10]:3.0, [3, 36, 5, 10]:3.0]
3-11-[[3, 5, 29, 38, 11]:4.0, [3, 13, 5, 29, 38, 11]:5.0, [3, 36, 5, 29, 38, 11]:5.0, [3, 1, 31, 33, 38, 11]:5.0]
3-12-[[3, 10, 12]:2.0, [3, 10, 19, 12]:3.0, [3, 5, 10, 12]:3.0, [3, 13, 28, 12]:3.0]
3-13-[[3, 13]:1.0, [3, 5, 13]:2.0, [3, 36, 13]:2.0, [3, 5, 36, 13]:3.0]
3-14-[[3, 5, 29, 38, 11, 14]:5.0, [3, 5, 29, 38, 11, 15, 14]:6.0, [3, 5, 29, 38, 27, 15, 14]:6.0, [3, 13, 5, 29, 38, 11, 14]:6.0]
3-15-[[3, 5, 29, 38, 27, 15]:5.0, [3, 5, 29, 38, 11, 15]:5.0, [3, 13, 5, 29, 38, 11, 15]:6.0, [3, 5, 29, 38, 20, 27, 15]:6.0]
3-16-[[3, 36, 16]:2.0, [3, 5, 36, 16]:3.0, [3, 13, 28, 16]:3.0, [3, 13, 36, 16]:3.0]
3-17-[[3, 1, 39, 22, 23, 17]:5.0, [3, 1, 39, 22, 21, 17]:5.0, [3, 1, 39, 26, 25, 17]:5.0, [3, 1, 39, 22, 23, 2, 17]:6.0]
3-18-[[3, 1, 39, 26, 18]:4.0, [3, 1, 39, 26, 30, 18]:5.0, [3, 5, 29, 38, 27, 18]:5.0, [3, 1, 39, 26, 25, 18]:5.0]
3-19-[[3, 10, 19]:2.0, [3, 10, 12, 19]:3.0, [3, 5, 10, 19]:3.0, [3, 13, 0, 19]:3.0]
3-20-[[3, 1, 4, 33, 20]:4.0, [3, 1, 31, 33, 20]:4.0, [3, 5, 29, 38, 20]:4.0, [3, 1, 4, 33, 38, 20]:5.0]
3-21-[[3, 1, 39, 22, 21]:4.0, [3, 1, 39, 22, 23, 21]:5.0, [3, 1, 39, 9, 22, 21]:5.0, [3, 5, 29, 9, 22, 21]:5.0]
3-22-[[3, 1, 39, 22]:3.0, [3, 1, 39, 9, 22]:4.0, [3, 5, 29, 9, 22]:4.0, [3, 5, 29, 9, 39, 22]:5.0]
3-23-[[3, 1, 39, 22, 23]:4.0, [3, 1, 39, 22, 21, 23]:5.0, [3, 1, 39, 26, 25, 23]:5.0, [3, 5, 29, 9, 22, 23]:5.0]
3-24-[[3, 36, 24]:2.0, [3, 5, 36, 24]:3.0, [3, 13, 36, 24]:3.0, [3, 1, 31, 24]:3.0]
4-0-[[4, 37, 28, 0]:3.0, [4, 37, 28, 12, 0]:4.0, [4, 1, 3, 13, 0]:4.0, [4, 37, 28, 16, 0]:4.0]
4-1-[[4, 1]:1.0, [4, 31, 1]:2.0, [4, 33, 31, 1]:3.0, [4, 37, 24, 31, 1]:4.0]
4-2-[[4, 1, 39, 26, 25, 2]:5.0, [4, 1, 39, 22, 23, 2]:5.0, [4, 1, 39, 22, 21, 2]:5.0, [4, 1, 39, 26, 25, 17, 2]:6.0]
4-3-[[4, 1, 3]:2.0, [4, 31, 1, 3]:3.0, [4, 31, 24, 36, 3]:4.0, [4, 37, 28, 13, 3]:4.0]
4-5-[[4, 1, 3, 5]:3.0, [4, 1, 3, 13, 5]:4.0, [4, 31, 24, 36, 5]:4.0, [4, 1, 3, 36, 5]:4.0]
4-6-[[4, 31, 24, 6]:3.0, [4, 37, 24, 6]:3.0, [4, 31, 24, 35, 6]:4.0, [4, 37, 24, 35, 6]:4.0]
4-7-[[4, 33, 38, 11, 32, 7]:5.0, [4, 33, 38, 11, 15, 7]:5.0, [4, 33, 38, 27, 15, 7]:5.0, [4, 33, 38, 11, 14, 7]:5.0]
4-8-[[4, 33, 38, 11, 32, 8]:5.0, [4, 33, 38, 11, 15, 8]:5.0, [4, 33, 38, 27, 15, 8]:5.0, [4, 1, 39, 26, 18, 8]:5.0]
4-9-[[4, 1, 39, 9]:3.0, [4, 1, 39, 22, 9]:4.0, [4, 31, 24, 35, 9]:4.0, [4, 31, 24, 6, 9]:4.0]
4-10-[[4, 1, 3, 10]:3.0, [4, 1, 3, 5, 10]:4.0, [4, 31, 1, 3, 10]:4.0, [4, 37, 28, 12, 10]:4.0]
4-11-[[4, 33, 38, 11]:3.0, [4, 33, 20, 38, 11]:4.0, [4, 31, 33, 38, 11]:4.0, [4, 37, 33, 38, 11]:4.0]
4-12-[[4, 37, 28, 12]:3.0, [4, 37, 28, 0, 12]:4.0, [4, 1, 3, 10, 12]:4.0, [4, 33, 37, 28, 12]:4.0]
4-13-[[4, 1, 3, 13]:3.0, [4, 37, 28, 13]:3.0, [4, 1, 3, 5, 13]:4.0, [4, 37, 28, 0, 13]:4.0]
4-14-[[4, 33, 38, 11, 14]:4.0, [4, 33, 38, 11, 15, 14]:5.0, [4, 33, 20, 27, 15, 14]:5.0, [4, 31, 33, 38, 11, 14]:5.0]
4-15-[[4, 33, 38, 11, 15]:4.0, [4, 33, 38, 27, 15]:4.0, [4, 33, 20, 27, 15]:4.0, [4, 33, 38, 11, 14, 15]:5.0]
4-16-[[4, 37, 28, 16]:3.0, [4, 37, 28, 0, 16]:4.0, [4, 31, 24, 36, 16]:4.0, [4, 37, 24, 36, 16]:4.0]
4-17-[[4, 1, 39, 26, 25, 17]:5.0, [4, 1, 39, 22, 23, 17]:5.0, [4, 1, 39, 22, 21, 17]:5.0, [4, 1, 39, 26, 25, 2, 17]:6.0]
4-18-[[4, 1, 39, 26, 18]:4.0, [4, 33, 38, 27, 18]:4.0, [4, 33, 20, 27, 18]:4.0, [4, 1, 39, 26, 30, 18]:5.0]
4-19-[[4, 1, 3, 10, 19]:4.0, [4, 37, 28, 12, 19]:4.0, [4, 37, 28, 16, 19]:4.0, [4, 37, 28, 0, 19]:4.0]
4-20-[[4, 33, 20]:2.0, [4, 33, 38, 20]:3.0, [4, 31, 33, 20]:3.0, [4, 37, 33, 20]:3.0]
4-21-[[4, 1, 39, 22, 21]:4.0, [4, 1, 39, 22, 23, 21]:5.0, [4, 1, 39, 9, 22, 21]:5.0, [4, 31, 1, 39, 22, 21]:5.0]
4-22-[[4, 1, 39, 22]:3.0, [4, 1, 39, 9, 22]:4.0, [4, 31, 1, 39, 22]:4.0, [4, 31, 1, 39, 9, 22]:5.0]
4-23-[[4, 1, 39, 22, 23]:4.0, [4, 1, 39, 22, 21, 23]:5.0, [4, 1, 39, 26, 25, 23]:5.0, [4, 31, 1, 39, 22, 23]:5.0]
4-24-[[4, 31, 24]:2.0, [4, 37, 24]:2.0, [4, 1, 31, 24]:3.0, [4, 33, 37, 24]:3.0]
5-0-[[5, 13, 0]:2.0, [5, 13, 28, 0]:3.0, [5, 36, 16, 0]:3.0, [5, 36, 13, 0]:3.0]
5-1-[[5, 3, 1]:2.0, [5, 13, 3, 1]:3.0, [5, 36, 3, 1]:3.0, [5, 10, 3, 1]:3.0]
5-2-[[5, 29, 9, 22, 23, 2]:5.0, [5, 29, 9, 22, 21, 2]:5.0, [5, 29, 9, 22, 23, 17, 2]:6.0, [5, 3, 1, 39, 26, 25, 2]:6.0]
5-3-[[5, 3]:1.0, [5, 13, 3]:2.0, [5, 36, 3]:2.0, [5, 10, 3]:2.0]
5-4-[[5, 3, 1, 4]:3.0, [5, 3, 1, 31, 4]:4.0, [5, 13, 28, 37, 4]:4.0, [5, 13, 3, 1, 4]:4.0]
5-6-[[5, 29, 6]:2.0, [5, 29, 35, 6]:3.0, [5, 36, 24, 6]:3.0, [5, 29, 9, 6]:3.0]
5-7-[[5, 29, 38, 11, 14, 7]:5.0, [5, 29, 38, 11, 15, 7]:5.0, [5, 29, 38, 27, 15, 7]:5.0, [5, 29, 38, 11, 32, 7]:5.0]
5-8-[[5, 29, 35, 30, 18, 8]:5.0, [5, 29, 38, 11, 15, 8]:5.0, [5, 29, 38, 11, 14, 8]:5.0, [5, 29, 38, 27, 18, 8]:5.0]
5-9-[[5, 29, 9]:2.0, [5, 29, 35, 9]:3.0, [5, 29, 6, 9]:3.0, [5, 36, 24, 35, 9]:4.0]
5-10-[[5, 10]:1.0, [5, 3, 10]:2.0, [5, 13, 3, 10]:3.0, [5, 36, 3, 10]:3.0]
5-11-[[5, 29, 38, 11]:3.0, [5, 29, 38, 27, 15, 11]:5.0, [5, 29, 35, 30, 34, 32, 11]:6.0, [5, 29, 38, 27, 15, 14, 11]:6.0]
5-12-[[5, 10, 12]:2.0, [5, 10, 19, 12]:3.0, [5, 13, 28, 12]:3.0, [5, 13, 0, 12]:3.0]
5-13-[[5, 13]:1.0, [5, 36, 13]:2.0, [5, 3, 13]:2.0, [5, 36, 3, 13]:3.0]
5-14-[[5, 29, 38, 11, 14]:4.0, [5, 29, 38, 11, 15, 14]:5.0, [5, 29, 38, 27, 15, 14]:5.0, [5, 29, 35, 30, 18, 8, 14]:6.0]
5-15-[[5, 29, 38, 11, 15]:4.0, [5, 29, 38, 27, 15]:4.0, [5, 29, 38, 11, 14, 15]:5.0, [5, 29, 38, 20, 27, 15]:5.0]
5-16-[[5, 36, 16]:2.0, [5, 13, 28, 16]:3.0, [5, 13, 36, 16]:3.0, [5, 3, 36, 16]:3.0]
5-17-[[5, 29, 9, 22, 23, 17]:5.0, [5, 29, 9, 22, 21, 17]:5.0, [5, 29, 9, 22, 23, 2, 17]:6.0, [5, 3, 1, 39, 26, 25, 17]:6.0]
5-18-[[5, 29, 35, 30, 18]:4.0, [5, 29, 38, 27, 18]:4.0, [5, 29, 35, 30, 26, 18]:5.0, [5, 36, 24, 35, 30, 18]:5.0]
5-19-[[5, 10, 19]:2.0, [5, 10, 12, 19]:3.0, [5, 13, 0, 19]:3.0, [5, 36, 16, 19]:3.0]
5-20-[[5, 29, 38, 20]:3.0, [5, 29, 38, 27, 20]:4.0, [5, 29, 38, 33, 20]:4.0, [5, 29, 35, 30, 34, 20]:5.0]
5-21-[[5, 29, 9, 22, 21]:4.0, [5, 29, 9, 22, 23, 21]:5.0, [5, 29, 35, 9, 22, 21]:5.0, [5, 3, 1, 39, 22, 21]:5.0]
5-22-[[5, 29, 9, 22]:3.0, [5, 29, 9, 39, 22]:4.0, [5, 3, 1, 39, 22]:4.0, [5, 29, 35, 9, 22]:4.0]
5-23-[[5, 29, 9, 22, 23]:4.0, [5, 29, 9, 22, 21, 23]:5.0, [5, 29, 35, 9, 22, 23]:5.0, [5, 3, 1, 39, 22, 23]:5.0]
5-24-[[5, 36, 24]:2.0, [5, 13, 36, 24]:3.0, [5, 3, 36, 24]:3.0, [5, 29, 35, 24]:3.0]
6-0-[[6, 24, 37, 28, 0]:4.0, [6, 24, 36, 13, 0]:4.0, [6, 29, 5, 13, 0]:4.0, [6, 24, 36, 16, 0]:4.0]
6-1-[[6, 9, 39, 1]:3.0, [6, 24, 31, 1]:3.0, [6, 9, 22, 39, 1]:4.0, [6, 24, 31, 4, 1]:4.0]
6-2-[[6, 9, 22, 23, 2]:4.0, [6, 9, 22, 21, 2]:4.0, [6, 9, 22, 23, 17, 2]:5.0, [6, 35, 30, 18, 25, 2]:5.0]
6-3-[[6, 24, 36, 3]:3.0, [6, 29, 5, 3]:3.0, [6, 24, 36, 5, 3]:4.0, [6, 29, 5, 13, 3]:4.0]
6-4-[[6, 24, 31, 4]:3.0, [6, 24, 37, 4]:3.0, [6, 24, 31, 1, 4]:4.0, [6, 24, 37, 33, 4]:4.0]
6-5-[[6, 29, 5]:2.0, [6, 35, 29, 5]:3.0, [6, 9, 29, 5]:3.0, [6, 24, 36, 5]:3.0]
6-7-[[6, 29, 38, 11, 32, 7]:5.0, [6, 29, 38, 11, 15, 7]:5.0, [6, 29, 38, 27, 15, 7]:5.0, [6, 29, 38, 11, 14, 7]:5.0]
6-8-[[6, 35, 30, 18, 8]:4.0, [6, 35, 30, 34, 32, 8]:5.0, [6, 29, 38, 11, 15, 8]:5.0, [6, 35, 30, 26, 18, 8]:5.0]
6-9-[[6, 9]:1.0, [6, 35, 9]:2.0, [6, 29, 9]:2.0, [6, 35, 29, 9]:3.0]
6-10-[[6, 29, 5, 10]:3.0, [6, 29, 5, 3, 10]:4.0, [6, 35, 29, 5, 10]:4.0, [6, 9, 29, 5, 10]:4.0]
6-11-[[6, 29, 38, 11]:3.0, [6, 35, 29, 38, 11]:4.0, [6, 9, 29, 38, 11]:4.0, [6, 29, 38, 27, 15, 11]:5.0]
6-12-[[6, 29, 5, 10, 12]:4.0, [6, 24, 37, 28, 12]:4.0, [6, 29, 5, 10, 19, 12]:5.0, [6, 29, 5, 13, 28, 12]:5.0]
6-13-[[6, 24, 36, 13]:3.0, [6, 29, 5, 13]:3.0, [6, 24, 36, 5, 13]:4.0, [6, 29, 5, 36, 13]:4.0]
6-14-[[6, 29, 38, 11, 14]:4.0, [6, 29, 38, 11, 15, 14]:5.0, [6, 29, 38, 27, 15, 14]:5.0, [6, 35, 30, 18, 8, 14]:5.0]
6-15-[[6, 29, 38, 11, 15]:4.0, [6, 29, 38, 27, 15]:4.0, [6, 29, 38, 11, 14, 15]:5.0, [6, 35, 30, 18, 8, 15]:5.0]
6-16-[[6, 24, 36, 16]:3.0, [6, 24, 37, 28, 16]:4.0, [6, 35, 24, 36, 16]:4.0, [6, 29, 5, 36, 16]:4.0]
6-17-[[6, 9, 22, 23, 17]:4.0, [6, 9, 22, 21, 17]:4.0, [6, 9, 22, 23, 2, 17]:5.0, [6, 35, 30, 18, 25, 17]:5.0]
6-18-[[6, 35, 30, 18]:3.0, [6, 35, 30, 26, 18]:4.0, [6, 29, 38, 27, 18]:4.0, [6, 29, 35, 30, 18]:4.0]
6-19-[[6, 29, 5, 10, 19]:4.0, [6, 24, 36, 16, 19]:4.0, [6, 29, 5, 10, 12, 19]:5.0, [6, 29, 5, 13, 0, 19]:5.0]
6-20-[[6, 29, 38, 20]:3.0, [6, 29, 38, 27, 20]:4.0, [6, 35, 30, 34, 20]:4.0, [6, 29, 38, 33, 20]:4.0]
6-21-[[6, 9, 22, 21]:3.0, [6, 9, 22, 23, 21]:4.0, [6, 35, 9, 22, 21]:4.0, [6, 9, 39, 22, 21]:4.0]
6-22-[[6, 9, 22]:2.0, [6, 9, 39, 22]:3.0, [6, 35, 9, 22]:3.0, [6, 29, 9, 22]:3.0]
6-23-[[6, 9, 22, 23]:3.0, [6, 9, 22, 21, 23]:4.0, [6, 35, 9, 22, 23]:4.0, [6, 9, 39, 22, 23]:4.0]
6-24-[[6, 24]:1.0, [6, 35, 24]:2.0, [6, 29, 35, 24]:3.0, [6, 9, 35, 24]:3.0]
7-0-[[7, 15, 11, 38, 29, 5, 13, 0]:7.0, [7, 15, 11, 38, 33, 37, 28, 0]:7.0, [7, 14, 11, 38, 33, 37, 28, 0]:7.0, [7, 15, 27, 20, 33, 37, 28, 0]:7.0]
7-1-[[7, 8, 18, 26, 39, 1]:5.0, [7, 32, 34, 26, 39, 1]:5.0, [7, 8, 18, 30, 26, 39, 1]:6.0, [7, 32, 34, 30, 26, 39, 1]:6.0]
7-2-[[7, 8, 18, 25, 2]:4.0, [7, 8, 18, 25, 17, 2]:5.0, [7, 8, 18, 26, 25, 2]:5.0, [7, 15, 27, 18, 25, 2]:5.0]
7-3-[[7, 15, 11, 38, 29, 5, 3]:6.0, [7, 15, 27, 38, 29, 5, 3]:6.0, [7, 14, 11, 38, 29, 5, 3]:6.0, [7, 8, 18, 26, 39, 1, 3]:6.0]
7-4-[[7, 15, 27, 20, 33, 4]:5.0, [7, 15, 27, 38, 33, 4]:5.0, [7, 15, 11, 38, 33, 4]:5.0, [7, 14, 11, 38, 33, 4]:5.0]
7-5-[[7, 15, 11, 38, 29, 5]:5.0, [7, 15, 27, 38, 29, 5]:5.0, [7, 14, 11, 38, 29, 5]:5.0, [7, 32, 11, 38, 29, 5]:5.0]
7-6-[[7, 8, 18, 30, 35, 6]:5.0, [7, 15, 27, 38, 29, 6]:5.0, [7, 15, 11, 38, 29, 6]:5.0, [7, 14, 11, 38, 29, 6]:5.0]
7-8-[[7, 8]:1.0, [7, 15, 8]:2.0, [7, 14, 8]:2.0, [7, 32, 8]:2.0]
7-9-[[7, 8, 18, 30, 35, 9]:5.0, [7, 8, 18, 26, 39, 9]:5.0, [7, 15, 11, 38, 29, 9]:5.0, [7, 15, 27, 38, 29, 9]:5.0]
7-10-[[7, 15, 11, 38, 29, 5, 10]:6.0, [7, 15, 27, 38, 29, 5, 10]:6.0, [7, 14, 11, 38, 29, 5, 10]:6.0, [7, 32, 11, 38, 29, 5, 10]:6.0]
7-11-[[7, 15, 11]:2.0, [7, 14, 11]:2.0, [7, 32, 11]:2.0, [7, 15, 14, 11]:3.0]
7-12-[[7, 15, 27, 20, 33, 37, 28, 12]:7.0, [7, 15, 27, 38, 29, 5, 10, 12]:7.0, [7, 14, 11, 38, 29, 5, 10, 12]:7.0, [7, 15, 11, 38, 29, 5, 10, 12]:7.0]
7-13-[[7, 15, 11, 38, 29, 5, 13]:6.0, [7, 15, 27, 38, 29, 5, 13]:6.0, [7, 14, 11, 38, 29, 5, 13]:6.0, [7, 32, 11, 38, 29, 5, 13]:6.0]
7-14-[[7, 14]:1.0, [7, 15, 14]:2.0, [7, 8, 14]:2.0, [7, 15, 11, 14]:3.0]
7-15-[[7, 15]:1.0, [7, 14, 15]:2.0, [7, 8, 15]:2.0, [7, 14, 11, 15]:3.0]
7-16-[[7, 15, 27, 20, 33, 37, 28, 16]:7.0, [7, 15, 27, 38, 29, 5, 36, 16]:7.0, [7, 14, 11, 38, 29, 5, 36, 16]:7.0, [7, 15, 11, 38, 29, 5, 36, 16]:7.0]
7-17-[[7, 8, 18, 25, 17]:4.0, [7, 8, 18, 25, 2, 17]:5.0, [7, 8, 18, 26, 25, 17]:5.0, [7, 15, 27, 18, 25, 17]:5.0]
7-18-[[7, 8, 18]:2.0, [7, 15, 27, 18]:3.0, [7, 15, 8, 18]:3.0, [7, 14, 8, 18]:3.0]
7-19-[[7, 15, 11, 38, 29, 5, 10, 19]:7.0, [7, 15, 27, 38, 29, 5, 10, 19]:7.0, [7, 14, 11, 38, 29, 5, 10, 19]:7.0, [7, 32, 11, 38, 29, 5, 10, 19]:7.0]
7-20-[[7, 15, 27, 20]:3.0, [7, 32, 34, 20]:3.0, [7, 15, 27, 38, 20]:4.0, [7, 15, 11, 38, 20]:4.0]
7-21-[[7, 8, 18, 25, 23, 21]:5.0, [7, 8, 18, 25, 2, 21]:5.0, [7, 8, 18, 25, 17, 21]:5.0, [7, 8, 18, 25, 23, 22, 21]:6.0]
7-22-[[7, 8, 18, 25, 23, 22]:5.0, [7, 8, 18, 26, 39, 22]:5.0, [7, 32, 34, 26, 39, 22]:5.0, [7, 8, 18, 25, 23, 21, 22]:6.0]
7-23-[[7, 8, 18, 25, 23]:4.0, [7, 8, 18, 25, 2, 23]:5.0, [7, 8, 18, 26, 25, 23]:5.0, [7, 15, 27, 18, 25, 23]:5.0]
7-24-[[7, 8, 18, 30, 35, 24]:5.0, [7, 32, 34, 30, 35, 24]:5.0, [7, 8, 18, 30, 35, 6, 24]:6.0, [7, 8, 18, 26, 30, 35, 24]:6.0]
8-0-[[8, 18, 30, 35, 24, 37, 28, 0]:7.0, [8, 18, 30, 35, 24, 36, 13, 0]:7.0, [8, 18, 26, 39, 1, 3, 13, 0]:7.0, [8, 18, 30, 35, 29, 5, 13, 0]:7.0]
8-1-[[8, 18, 26, 39, 1]:4.0, [8, 18, 30, 26, 39, 1]:5.0, [8, 32, 34, 26, 39, 1]:5.0, [8, 18, 25, 26, 39, 1]:5.0]
8-2-[[8, 18, 25, 2]:3.0, [8, 18, 25, 17, 2]:4.0, [8, 18, 26, 25, 2]:4.0, [8, 18, 25, 23, 2]:4.0]
8-3-[[8, 18, 26, 39, 1, 3]:5.0, [8, 18, 30, 35, 24, 36, 3]:6.0, [8, 15, 27, 38, 29, 5, 3]:6.0, [8, 18, 30, 35, 29, 5, 3]:6.0]
8-4-[[8, 18, 26, 39, 1, 4]:5.0, [8, 18, 27, 38, 33, 4]:5.0, [8, 15, 11, 38, 33, 4]:5.0, [8, 18, 27, 20, 33, 4]:5.0]
8-5-[[8, 15, 27, 38, 29, 5]:5.0, [8, 15, 11, 38, 29, 5]:5.0, [8, 14, 11, 38, 29, 5]:5.0, [8, 18, 30, 35, 29, 5]:5.0]
8-6-[[8, 18, 30, 35, 6]:4.0, [8, 18, 30, 35, 29, 6]:5.0, [8, 18, 26, 39, 9, 6]:5.0, [8, 15, 27, 38, 29, 6]:5.0]
8-7-[[8, 7]:1.0, [8, 15, 7]:2.0, [8, 14, 7]:2.0, [8, 32, 7]:2.0]
8-9-[[8, 18, 26, 39, 9]:4.0, [8, 18, 30, 35, 9]:4.0, [8, 18, 26, 39, 22, 9]:5.0, [8, 15, 11, 38, 29, 9]:5.0]
8-10-[[8, 18, 26, 39, 1, 3, 10]:6.0, [8, 18, 30, 35, 29, 5, 10]:6.0, [8, 15, 11, 38, 29, 5, 10]:6.0, [8, 18, 27, 38, 29, 5, 10]:6.0]
8-11-[[8, 15, 11]:2.0, [8, 14, 11]:2.0, [8, 32, 11]:2.0, [8, 15, 14, 11]:3.0]
8-12-[[8, 18, 30, 35, 24, 37, 28, 12]:7.0, [8, 18, 30, 35, 29, 5, 10, 12]:7.0, [8, 15, 27, 38, 29, 5, 10, 12]:7.0, [8, 18, 26, 39, 1, 3, 10, 12]:7.0]
8-13-[[8, 18, 26, 39, 1, 3, 13]:6.0, [8, 18, 30, 35, 24, 36, 13]:6.0, [8, 15, 27, 38, 29, 5, 13]:6.0, [8, 18, 30, 35, 29, 5, 13]:6.0]
8-14-[[8, 14]:1.0, [8, 15, 14]:2.0, [8, 7, 14]:2.0, [8, 15, 11, 14]:3.0]
8-15-[[8, 15]:1.0, [8, 14, 15]:2.0, [8, 7, 15]:2.0, [8, 14, 11, 15]:3.0]
8-16-[[8, 18, 30, 35, 24, 36, 16]:6.0, [8, 18, 30, 35, 24, 37, 28, 16]:7.0, [8, 18, 30, 35, 29, 5, 36, 16]:7.0, [8, 18, 26, 39, 1, 3, 36, 16]:7.0]
8-17-[[8, 18, 25, 17]:3.0, [8, 18, 25, 2, 17]:4.0, [8, 18, 26, 25, 17]:4.0, [8, 18, 25, 23, 17]:4.0]
8-18-[[8, 18]:1.0, [8, 15, 27, 18]:3.0, [8, 14, 15, 27, 18]:4.0, [8, 7, 15, 27, 18]:4.0]
8-19-[[8, 18, 26, 39, 1, 3, 10, 19]:7.0, [8, 18, 30, 35, 24, 36, 16, 19]:7.0, [8, 15, 11, 38, 29, 5, 10, 19]:7.0, [8, 18, 27, 38, 29, 5, 10, 19]:7.0]
8-20-[[8, 15, 27, 20]:3.0, [8, 18, 27, 20]:3.0, [8, 32, 34, 20]:3.0, [8, 15, 27, 38, 20]:4.0]
8-21-[[8, 18, 25, 2, 21]:4.0, [8, 18, 25, 17, 21]:4.0, [8, 18, 25, 23, 21]:4.0, [8, 18, 25, 2, 17, 21]:5.0]
8-22-[[8, 18, 26, 39, 22]:4.0, [8, 18, 25, 23, 22]:4.0, [8, 18, 26, 39, 9, 22]:5.0, [8, 32, 34, 26, 39, 22]:5.0]
8-23-[[8, 18, 25, 23]:3.0, [8, 18, 25, 2, 23]:4.0, [8, 18, 26, 25, 23]:4.0, [8, 18, 25, 17, 23]:4.0]
8-24-[[8, 18, 30, 35, 24]:4.0, [8, 18, 30, 35, 6, 24]:5.0, [8, 18, 26, 30, 35, 24]:5.0, [8, 32, 34, 30, 35, 24]:5.0]
9-0-[[9, 29, 5, 13, 0]:4.0, [9, 29, 5, 13, 28, 0]:5.0, [9, 29, 5, 36, 16, 0]:5.0, [9, 35, 24, 36, 16, 0]:5.0]
9-1-[[9, 39, 1]:2.0, [9, 22, 39, 1]:3.0, [9, 35, 24, 31, 1]:4.0, [9, 29, 5, 3, 1]:4.0]
9-2-[[9, 22, 21, 2]:3.0, [9, 22, 23, 2]:3.0, [9, 22, 21, 17, 2]:4.0, [9, 22, 23, 17, 2]:4.0]
9-3-[[9, 39, 1, 3]:3.0, [9, 29, 5, 3]:3.0, [9, 29, 5, 13, 3]:4.0, [9, 35, 24, 36, 3]:4.0]
9-4-[[9, 39, 1, 4]:3.0, [9, 39, 1, 31, 4]:4.0, [9, 35, 24, 31, 4]:4.0, [9, 35, 24, 37, 4]:4.0]
9-5-[[9, 29, 5]:2.0, [9, 35, 29, 5]:3.0, [9, 6, 29, 5]:3.0, [9, 35, 6, 29, 5]:4.0]
9-6-[[9, 6]:1.0, [9, 35, 6]:2.0, [9, 29, 6]:2.0, [9, 35, 29, 6]:3.0]
9-7-[[9, 29, 38, 11, 14, 7]:5.0, [9, 29, 38, 11, 15, 7]:5.0, [9, 29, 38, 27, 15, 7]:5.0, [9, 29, 38, 11, 32, 7]:5.0]
9-8-[[9, 35, 30, 18, 8]:4.0, [9, 39, 26, 18, 8]:4.0, [9, 35, 30, 34, 32, 8]:5.0, [9, 22, 23, 25, 18, 8]:5.0]
9-10-[[9, 29, 5, 10]:3.0, [9, 29, 5, 3, 10]:4.0, [9, 35, 29, 5, 10]:4.0, [9, 39, 1, 3, 10]:4.0]
9-11-[[9, 29, 38, 11]:3.0, [9, 35, 29, 38, 11]:4.0, [9, 6, 29, 38, 11]:4.0, [9, 29, 38, 27, 15, 11]:5.0]
9-12-[[9, 29, 5, 10, 12]:4.0, [9, 29, 5, 10, 19, 12]:5.0, [9, 29, 5, 13, 28, 12]:5.0, [9, 35, 24, 37, 28, 12]:5.0]
9-13-[[9, 29, 5, 13]:3.0, [9, 29, 5, 36, 13]:4.0, [9, 35, 24, 36, 13]:4.0, [9, 29, 5, 3, 13]:4.0]
9-14-[[9, 29, 38, 11, 14]:4.0, [9, 29, 38, 11, 15, 14]:5.0, [9, 29, 38, 27, 15, 14]:5.0, [9, 35, 30, 18, 8, 14]:5.0]
9-15-[[9, 29, 38, 11, 15]:4.0, [9, 29, 38, 27, 15]:4.0, [9, 29, 38, 11, 14, 15]:5.0, [9, 35, 30, 18, 8, 15]:5.0]
9-16-[[9, 35, 24, 36, 16]:4.0, [9, 29, 5, 36, 16]:4.0, [9, 6, 24, 36, 16]:4.0, [9, 35, 24, 37, 28, 16]:5.0]
9-17-[[9, 22, 21, 17]:3.0, [9, 22, 23, 17]:3.0, [9, 22, 21, 2, 17]:4.0, [9, 22, 23, 2, 17]:4.0]
9-18-[[9, 35, 30, 18]:3.0, [9, 39, 26, 18]:3.0, [9, 35, 30, 26, 18]:4.0, [9, 39, 26, 30, 18]:4.0]
9-19-[[9, 29, 5, 10, 19]:4.0, [9, 29, 5, 10, 12, 19]:5.0, [9, 29, 5, 13, 0, 19]:5.0, [9, 35, 24, 36, 16, 19]:5.0]
9-20-[[9, 29, 38, 20]:3.0, [9, 29, 38, 27, 20]:4.0, [9, 35, 30, 34, 20]:4.0, [9, 29, 38, 33, 20]:4.0]
9-21-[[9, 22, 21]:2.0, [9, 22, 23, 21]:3.0, [9, 39, 22, 21]:3.0, [9, 22, 23, 2, 21]:4.0]
9-22-[[9, 22]:1.0, [9, 39, 22]:2.0, [9, 39, 26, 25, 23, 22]:5.0, [9, 35, 30, 26, 39, 22]:5.0]
9-23-[[9, 22, 23]:2.0, [9, 22, 21, 23]:3.0, [9, 39, 22, 23]:3.0, [9, 22, 21, 2, 23]:4.0]
9-24-[[9, 35, 24]:2.0, [9, 6, 24]:2.0, [9, 35, 6, 24]:3.0, [9, 29, 35, 24]:3.0]
10-0-[[10, 12, 0]:2.0, [10, 19, 0]:2.0, [10, 12, 19, 0]:3.0, [10, 5, 13, 0]:3.0]
10-1-[[10, 3, 1]:2.0, [10, 5, 3, 1]:3.0, [10, 5, 13, 3, 1]:4.0, [10, 5, 36, 3, 1]:4.0]
10-2-[[10, 3, 1, 39, 22, 23, 2]:6.0, [10, 3, 1, 39, 22, 21, 2]:6.0, [10, 5, 29, 9, 22, 21, 2]:6.0, [10, 3, 1, 39, 26, 25, 2]:6.0]
10-3-[[10, 3]:1.0, [10, 5, 3]:2.0, [10, 5, 13, 3]:3.0, [10, 5, 36, 3]:3.0]
10-4-[[10, 3, 1, 4]:3.0, [10, 3, 1, 31, 4]:4.0, [10, 12, 28, 37, 4]:4.0, [10, 5, 3, 1, 4]:4.0]
10-5-[[10, 5]:1.0, [10, 3, 5]:2.0, [10, 3, 13, 5]:3.0, [10, 3, 36, 5]:3.0]
10-6-[[10, 5, 29, 6]:3.0, [10, 5, 29, 35, 6]:4.0, [10, 3, 36, 24, 6]:4.0, [10, 5, 36, 24, 6]:4.0]
10-7-[[10, 5, 29, 38, 11, 32, 7]:6.0, [10, 5, 29, 38, 11, 15, 7]:6.0, [10, 5, 29, 38, 27, 15, 7]:6.0, [10, 5, 29, 38, 11, 14, 7]:6.0]
10-8-[[10, 5, 29, 38, 11, 32, 8]:6.0, [10, 5, 29, 38, 11, 15, 8]:6.0, [10, 5, 29, 38, 27, 15, 8]:6.0, [10, 5, 29, 35, 30, 18, 8]:6.0]
10-9-[[10, 5, 29, 9]:3.0, [10, 5, 29, 35, 9]:4.0, [10, 3, 1, 39, 9]:4.0, [10, 5, 29, 6, 9]:4.0]
10-11-[[10, 5, 29, 38, 11]:4.0, [10, 3, 5, 29, 38, 11]:5.0, [10, 5, 29, 38, 27, 15, 11]:6.0, [10, 3, 13, 5, 29, 38, 11]:6.0]
10-12-[[10, 12]:1.0, [10, 19, 12]:2.0, [10, 19, 0, 12]:3.0, [10, 5, 13, 0, 12]:4.0]
10-13-[[10, 3, 13]:2.0, [10, 5, 13]:2.0, [10, 3, 5, 13]:3.0, [10, 12, 28, 13]:3.0]
10-14-[[10, 5, 29, 38, 11, 14]:5.0, [10, 5, 29, 38, 11, 15, 14]:6.0, [10, 5, 29, 38, 27, 15, 14]:6.0, [10, 3, 5, 29, 38, 11, 14]:6.0]
10-15-[[10, 5, 29, 38, 11, 15]:5.0, [10, 5, 29, 38, 27, 15]:5.0, [10, 5, 29, 38, 11, 14, 15]:6.0, [10, 5, 29, 38, 20, 27, 15]:6.0]
10-16-[[10, 19, 16]:2.0, [10, 19, 0, 16]:3.0, [10, 12, 28, 16]:3.0, [10, 12, 19, 16]:3.0]
10-17-[[10, 3, 1, 39, 22, 23, 17]:6.0, [10, 3, 1, 39, 22, 21, 17]:6.0, [10, 5, 29, 9, 22, 21, 17]:6.0, [10, 3, 1, 39, 26, 25, 17]:6.0]
10-18-[[10, 5, 29, 35, 30, 18]:5.0, [10, 5, 29, 38, 27, 18]:5.0, [10, 3, 1, 39, 26, 18]:5.0, [10, 5, 29, 35, 30, 26, 18]:6.0]
10-19-[[10, 19]:1.0, [10, 12, 19]:2.0, [10, 12, 0, 19]:3.0, [10, 5, 13, 0, 19]:4.0]
10-20-[[10, 5, 29, 38, 20]:4.0, [10, 5, 29, 38, 27, 20]:5.0, [10, 12, 28, 37, 33, 20]:5.0, [10, 5, 29, 38, 33, 20]:5.0]
10-21-[[10, 3, 1, 39, 22, 21]:5.0, [10, 5, 29, 9, 22, 21]:5.0, [10, 3, 1, 39, 22, 23, 21]:6.0, [10, 3, 1, 39, 9, 22, 21]:6.0]
10-22-[[10, 3, 1, 39, 22]:4.0, [10, 5, 29, 9, 22]:4.0, [10, 3, 1, 39, 9, 22]:5.0, [10, 3, 5, 29, 9, 22]:5.0]
10-23-[[10, 3, 1, 39, 22, 23]:5.0, [10, 5, 29, 9, 22, 23]:5.0, [10, 3, 1, 39, 22, 21, 23]:6.0, [10, 3, 1, 39, 26, 25, 23]:6.0]
10-24-[[10, 3, 36, 24]:3.0, [10, 5, 36, 24]:3.0, [10, 3, 5, 36, 24]:4.0, [10, 5, 13, 36, 24]:4.0]
11-0-[[11, 38, 33, 37, 28, 0]:5.0, [11, 38, 29, 5, 13, 0]:5.0, [11, 38, 33, 37, 28, 12, 0]:6.0, [11, 38, 33, 4, 37, 28, 0]:6.0]
11-1-[[11, 38, 33, 4, 1]:4.0, [11, 38, 33, 31, 1]:4.0, [11, 38, 33, 4, 31, 1]:5.0, [11, 32, 34, 26, 39, 1]:5.0]
11-2-[[11, 15, 8, 18, 25, 2]:5.0, [11, 15, 27, 18, 25, 2]:5.0, [11, 14, 8, 18, 25, 2]:5.0, [11, 32, 34, 26, 25, 2]:5.0]
11-3-[[11, 38, 29, 5, 3]:4.0, [11, 38, 29, 5, 13, 3]:5.0, [11, 38, 33, 4, 1, 3]:5.0, [11, 38, 29, 5, 36, 3]:5.0]
11-4-[[11, 38, 33, 4]:3.0, [11, 38, 33, 31, 4]:4.0, [11, 38, 20, 33, 4]:4.0, [11, 38, 33, 37, 4]:4.0]
11-5-[[11, 38, 29, 5]:3.0, [11, 15, 27, 38, 29, 5]:5.0, [11, 38, 29, 35, 24, 36, 5]:6.0, [11, 38, 33, 37, 24, 36, 5]:6.0]
11-6-[[11, 38, 29, 6]:3.0, [11, 38, 29, 35, 6]:4.0, [11, 38, 29, 9, 6]:4.0, [11, 38, 33, 37, 24, 6]:5.0]
11-7-[[11, 15, 7]:2.0, [11, 14, 7]:2.0, [11, 32, 7]:2.0, [11, 15, 14, 7]:3.0]
11-8-[[11, 15, 8]:2.0, [11, 14, 8]:2.0, [11, 32, 8]:2.0, [11, 15, 14, 8]:3.0]
11-9-[[11, 38, 29, 9]:3.0, [11, 38, 29, 35, 9]:4.0, [11, 38, 29, 6, 9]:4.0, [11, 15, 27, 38, 29, 9]:5.0]
11-10-[[11, 38, 29, 5, 10]:4.0, [11, 38, 29, 5, 3, 10]:5.0, [11, 38, 33, 37, 28, 12, 10]:6.0, [11, 15, 27, 38, 29, 5, 10]:6.0]
11-12-[[11, 38, 33, 37, 28, 12]:5.0, [11, 38, 29, 5, 10, 12]:5.0, [11, 38, 33, 37, 28, 0, 12]:6.0, [11, 38, 33, 4, 37, 28, 12]:6.0]
11-13-[[11, 38, 29, 5, 13]:4.0, [11, 38, 29, 5, 36, 13]:5.0, [11, 38, 33, 37, 28, 13]:5.0, [11, 38, 29, 5, 3, 13]:5.0]
11-14-[[11, 14]:1.0, [11, 15, 14]:2.0, [11, 15, 7, 14]:3.0, [11, 32, 7, 14]:3.0]
11-15-[[11, 15]:1.0, [11, 14, 15]:2.0, [11, 14, 7, 15]:3.0, [11, 32, 7, 15]:3.0]
11-16-[[11, 38, 33, 37, 28, 16]:5.0, [11, 38, 29, 5, 36, 16]:5.0, [11, 38, 33, 37, 28, 0, 16]:6.0, [11, 38, 33, 31, 24, 36, 16]:6.0]
11-17-[[11, 15, 8, 18, 25, 17]:5.0, [11, 15, 27, 18, 25, 17]:5.0, [11, 14, 8, 18, 25, 17]:5.0, [11, 32, 34, 26, 25, 17]:5.0]
11-18-[[11, 15, 8, 18]:3.0, [11, 15, 27, 18]:3.0, [11, 14, 8, 18]:3.0, [11, 32, 8, 18]:3.0]
11-19-[[11, 38, 29, 5, 10, 19]:5.0, [11, 38, 29, 5, 10, 12, 19]:6.0, [11, 38, 29, 5, 13, 0, 19]:6.0, [11, 38, 33, 37, 28, 12, 19]:6.0]
11-20-[[11, 38, 20]:2.0, [11, 38, 27, 20]:3.0, [11, 15, 27, 20]:3.0, [11, 38, 33, 20]:3.0]
11-21-[[11, 38, 29, 9, 22, 21]:5.0, [11, 38, 29, 9, 22, 23, 21]:6.0, [11, 38, 29, 35, 9, 22, 21]:6.0, [11, 15, 8, 18, 25, 2, 21]:6.0]
11-22-[[11, 38, 29, 9, 22]:4.0, [11, 38, 29, 9, 39, 22]:5.0, [11, 38, 29, 35, 9, 22]:5.0, [11, 32, 34, 26, 39, 22]:5.0]
11-23-[[11, 38, 29, 9, 22, 23]:5.0, [11, 38, 27, 18, 25, 23]:5.0, [11, 15, 8, 18, 25, 23]:5.0, [11, 15, 27, 18, 25, 23]:5.0]
11-24-[[11, 38, 33, 37, 24]:4.0, [11, 38, 33, 31, 24]:4.0, [11, 38, 29, 35, 24]:4.0, [11, 38, 29, 6, 24]:4.0]
12-0-[[12, 0]:1.0, [12, 19, 0]:2.0, [12, 28, 0]:2.0, [12, 19, 16, 0]:3.0]
12-1-[[12, 10, 3, 1]:3.0, [12, 10, 5, 3, 1]:4.0, [12, 19, 10, 3, 1]:4.0, [12, 0, 13, 3, 1]:4.0]
12-2-[[12, 10, 3, 1, 39, 26, 25, 2]:7.0, [12, 10, 3, 1, 39, 22, 23, 2]:7.0, [12, 10, 5, 29, 9, 22, 23, 2]:7.0, [12, 10, 3, 1, 39, 22, 21, 2]:7.0]
12-3-[[12, 10, 3]:2.0, [12, 10, 5, 3]:3.0, [12, 19, 10, 3]:3.0, [12, 0, 13, 3]:3.0]
12-4-[[12, 28, 37, 4]:3.0, [12, 28, 37, 33, 4]:4.0, [12, 0, 28, 37, 4]:4.0, [12, 10, 3, 1, 4]:4.0]
12-5-[[12, 10, 5]:2.0, [12, 10, 3, 5]:3.0, [12, 19, 10, 5]:3.0, [12, 0, 13, 5]:3.0]
12-6-[[12, 10, 5, 29, 6]:4.0, [12, 28, 37, 24, 6]:4.0, [12, 10, 5, 29, 35, 6]:5.0, [12, 10, 3, 36, 24, 6]:5.0]
12-7-[[12, 28, 37, 33, 20, 27, 15, 7]:7.0, [12, 28, 37, 33, 20, 34, 32, 7]:7.0, [12, 10, 5, 29, 38, 11, 14, 7]:7.0, [12, 28, 37, 33, 38, 11, 14, 7]:7.0]
12-8-[[12, 28, 37, 33, 20, 27, 15, 8]:7.0, [12, 28, 37, 33, 20, 27, 18, 8]:7.0, [12, 28, 37, 33, 20, 34, 32, 8]:7.0, [12, 28, 37, 24, 35, 30, 18, 8]:7.0]
12-9-[[12, 10, 5, 29, 9]:4.0, [12, 10, 5, 29, 35, 9]:5.0, [12, 10, 3, 1, 39, 9]:5.0, [12, 19, 10, 5, 29, 9]:5.0]
12-10-[[12, 10]:1.0, [12, 19, 10]:2.0, [12, 0, 19, 10]:3.0, [12, 0, 16, 19, 10]:4.0]
12-11-[[12, 10, 5, 29, 38, 11]:5.0, [12, 28, 37, 33, 38, 11]:5.0, [12, 10, 3, 5, 29, 38, 11]:6.0, [12, 28, 37, 4, 33, 38, 11]:6.0]
12-13-[[12, 0, 13]:2.0, [12, 28, 13]:2.0, [12, 0, 28, 13]:3.0, [12, 19, 0, 13]:3.0]
12-14-[[12, 10, 5, 29, 38, 11, 14]:6.0, [12, 28, 37, 33, 38, 11, 14]:6.0, [12, 10, 5, 29, 38, 11, 15, 14]:7.0, [12, 10, 5, 29, 38, 27, 15, 14]:7.0]
12-15-[[12, 28, 37, 33, 20, 27, 15]:6.0, [12, 28, 37, 33, 38, 11, 15]:6.0, [12, 10, 5, 29, 38, 11, 15]:6.0, [12, 28, 37, 33, 38, 27, 15]:6.0]
12-16-[[12, 19, 16]:2.0, [12, 0, 16]:2.0, [12, 28, 16]:2.0, [12, 19, 0, 16]:3.0]
12-17-[[12, 10, 3, 1, 39, 26, 25, 17]:7.0, [12, 10, 3, 1, 39, 22, 23, 17]:7.0, [12, 10, 5, 29, 9, 22, 23, 17]:7.0, [12, 10, 3, 1, 39, 22, 21, 17]:7.0]
12-18-[[12, 10, 3, 1, 39, 26, 18]:6.0, [12, 10, 5, 29, 38, 27, 18]:6.0, [12, 28, 37, 33, 38, 27, 18]:6.0, [12, 10, 5, 29, 35, 30, 18]:6.0]
12-19-[[12, 19]:1.0, [12, 0, 19]:2.0, [12, 10, 19]:2.0, [12, 0, 16, 19]:3.0]
12-20-[[12, 28, 37, 33, 20]:4.0, [12, 28, 37, 33, 38, 20]:5.0, [12, 28, 37, 4, 33, 20]:5.0, [12, 0, 28, 37, 33, 20]:5.0]
12-21-[[12, 10, 5, 29, 9, 22, 21]:6.0, [12, 10, 3, 1, 39, 22, 21]:6.0, [12, 10, 5, 29, 9, 22, 23, 21]:7.0, [12, 10, 5, 29, 35, 9, 22, 21]:7.0]
12-22-[[12, 10, 5, 29, 9, 22]:5.0, [12, 10, 3, 1, 39, 22]:5.0, [12, 10, 5, 29, 9, 39, 22]:6.0, [12, 19, 10, 3, 1, 39, 22]:6.0]
12-23-[[12, 10, 5, 29, 9, 22, 23]:6.0, [12, 10, 3, 1, 39, 22, 23]:6.0, [12, 10, 5, 29, 9, 22, 21, 23]:7.0, [12, 10, 5, 29, 35, 9, 22, 23]:7.0]
12-24-[[12, 28, 37, 24]:3.0, [12, 28, 16, 36, 24]:4.0, [12, 19, 16, 36, 24]:4.0, [12, 28, 13, 36, 24]:4.0]
13-0-[[13, 0]:1.0, [13, 28, 0]:2.0, [13, 28, 12, 0]:3.0, [13, 36, 16, 0]:3.0]
13-1-[[13, 3, 1]:2.0, [13, 5, 3, 1]:3.0, [13, 36, 3, 1]:3.0, [13, 5, 36, 3, 1]:4.0]
13-2-[[13, 3, 1, 39, 26, 25, 2]:6.0, [13, 3, 1, 39, 22, 23, 2]:6.0, [13, 5, 29, 9, 22, 23, 2]:6.0, [13, 3, 1, 39, 22, 21, 2]:6.0]
13-3-[[13, 3]:1.0, [13, 5, 3]:2.0, [13, 36, 3]:2.0, [13, 5, 36, 3]:3.0]
13-4-[[13, 3, 1, 4]:3.0, [13, 28, 37, 4]:3.0, [13, 3, 1, 31, 4]:4.0, [13, 28, 37, 33, 4]:4.0]
13-5-[[13, 5]:1.0, [13, 36, 5]:2.0, [13, 3, 5]:2.0, [13, 36, 3, 5]:3.0]
13-6-[[13, 5, 29, 6]:3.0, [13, 36, 24, 6]:3.0, [13, 5, 29, 35, 6]:4.0, [13, 36, 24, 35, 6]:4.0]
13-7-[[13, 5, 29, 38, 11, 32, 7]:6.0, [13, 5, 29, 38, 11, 15, 7]:6.0, [13, 5, 29, 38, 27, 15, 7]:6.0, [13, 5, 29, 38, 11, 14, 7]:6.0]
13-8-[[13, 5, 29, 38, 11, 32, 8]:6.0, [13, 5, 29, 38, 11, 15, 8]:6.0, [13, 5, 29, 38, 27, 15, 8]:6.0, [13, 5, 29, 35, 30, 18, 8]:6.0]
13-9-[[13, 5, 29, 9]:3.0, [13, 5, 29, 35, 9]:4.0, [13, 36, 24, 35, 9]:4.0, [13, 5, 29, 6, 9]:4.0]
13-10-[[13, 5, 10]:2.0, [13, 3, 10]:2.0, [13, 5, 3, 10]:3.0, [13, 36, 5, 10]:3.0]
13-11-[[13, 5, 29, 38, 11]:4.0, [13, 36, 5, 29, 38, 11]:5.0, [13, 3, 5, 29, 38, 11]:5.0, [13, 28, 37, 33, 38, 11]:5.0]
13-12-[[13, 28, 12]:2.0, [13, 0, 12]:2.0, [13, 28, 0, 12]:3.0, [13, 5, 10, 12]:3.0]
13-14-[[13, 5, 29, 38, 11, 14]:5.0, [13, 5, 29, 38, 11, 15, 14]:6.0, [13, 5, 29, 38, 27, 15, 14]:6.0, [13, 36, 5, 29, 38, 11, 14]:6.0]
13-15-[[13, 5, 29, 38, 27, 15]:5.0, [13, 5, 29, 38, 11, 15]:5.0, [13, 36, 5, 29, 38, 11, 15]:6.0, [13, 5, 29, 38, 20, 27, 15]:6.0]
13-16-[[13, 28, 16]:2.0, [13, 36, 16]:2.0, [13, 0, 16]:2.0, [13, 28, 0, 16]:3.0]
13-17-[[13, 3, 1, 39, 26, 25, 17]:6.0, [13, 3, 1, 39, 22, 23, 17]:6.0, [13, 5, 29, 9, 22, 23, 17]:6.0, [13, 3, 1, 39, 22, 21, 17]:6.0]
13-18-[[13, 5, 29, 38, 27, 18]:5.0, [13, 5, 29, 35, 30, 18]:5.0, [13, 36, 24, 35, 30, 18]:5.0, [13, 3, 1, 39, 26, 18]:5.0]
13-19-[[13, 0, 19]:2.0, [13, 0, 12, 19]:3.0, [13, 5, 10, 19]:3.0, [13, 0, 16, 19]:3.0]
13-20-[[13, 28, 37, 33, 20]:4.0, [13, 5, 29, 38, 20]:4.0, [13, 28, 37, 33, 38, 20]:5.0, [13, 28, 37, 4, 33, 20]:5.0]
13-21-[[13, 5, 29, 9, 22, 21]:5.0, [13, 3, 1, 39, 22, 21]:5.0, [13, 5, 29, 9, 22, 23, 21]:6.0, [13, 5, 29, 35, 9, 22, 21]:6.0]
13-22-[[13, 5, 29, 9, 22]:4.0, [13, 3, 1, 39, 22]:4.0, [13, 5, 29, 9, 39, 22]:5.0, [13, 5, 3, 1, 39, 22]:5.0]
13-23-[[13, 5, 29, 9, 22, 23]:5.0, [13, 3, 1, 39, 22, 23]:5.0, [13, 5, 29, 9, 22, 21, 23]:6.0, [13, 5, 29, 35, 9, 22, 23]:6.0]
13-24-[[13, 36, 24]:2.0, [13, 5, 36, 24]:3.0, [13, 3, 36, 24]:3.0, [13, 28, 37, 24]:3.0]
14-0-[[14, 11, 38, 33, 37, 28, 0]:6.0, [14, 11, 38, 29, 5, 13, 0]:6.0, [14, 11, 38, 33, 37, 28, 12, 0]:7.0, [14, 11, 38, 33, 4, 37, 28, 0]:7.0]
14-1-[[14, 8, 18, 26, 39, 1]:5.0, [14, 11, 38, 33, 31, 1]:5.0, [14, 11, 38, 33, 4, 1]:5.0, [14, 8, 18, 30, 26, 39, 1]:6.0]
14-2-[[14, 8, 18, 25, 2]:4.0, [14, 8, 18, 25, 17, 2]:5.0, [14, 8, 18, 26, 25, 2]:5.0, [14, 15, 27, 18, 25, 2]:5.0]
14-3-[[14, 11, 38, 29, 5, 3]:5.0, [14, 11, 38, 29, 5, 13, 3]:6.0, [14, 11, 38, 33, 4, 1, 3]:6.0, [14, 11, 38, 29, 5, 36, 3]:6.0]
14-4-[[14, 11, 38, 33, 4]:4.0, [14, 11, 38, 33, 31, 4]:5.0, [14, 11, 38, 20, 33, 4]:5.0, [14, 15, 27, 20, 33, 4]:5.0]
14-5-[[14, 11, 38, 29, 5]:4.0, [14, 15, 27, 38, 29, 5]:5.0, [14, 15, 11, 38, 29, 5]:5.0, [14, 11, 15, 27, 38, 29, 5]:6.0]
14-6-[[14, 11, 38, 29, 6]:4.0, [14, 11, 38, 29, 35, 6]:5.0, [14, 15, 27, 38, 29, 6]:5.0, [14, 11, 38, 29, 9, 6]:5.0]
14-7-[[14, 7]:1.0, [14, 15, 7]:2.0, [14, 8, 7]:2.0, [14, 15, 8, 7]:3.0]
14-8-[[14, 8]:1.0, [14, 15, 8]:2.0, [14, 7, 8]:2.0, [14, 15, 7, 8]:3.0]
14-9-[[14, 11, 38, 29, 9]:4.0, [14, 11, 38, 29, 35, 9]:5.0, [14, 15, 27, 38, 29, 9]:5.0, [14, 11, 38, 29, 6, 9]:5.0]
14-10-[[14, 11, 38, 29, 5, 10]:5.0, [14, 11, 38, 29, 5, 3, 10]:6.0, [14, 15, 27, 38, 29, 5, 10]:6.0, [14, 15, 11, 38, 29, 5, 10]:6.0]
14-11-[[14, 11]:1.0, [14, 15, 11]:2.0, [14, 7, 32, 11]:3.0, [14, 7, 15, 11]:3.0]
14-12-[[14, 11, 38, 33, 37, 28, 12]:6.0, [14, 11, 38, 29, 5, 10, 12]:6.0, [14, 11, 38, 33, 37, 28, 0, 12]:7.0, [14, 11, 38, 33, 4, 37, 28, 12]:7.0]
14-13-[[14, 11, 38, 29, 5, 13]:5.0, [14, 11, 38, 29, 5, 36, 13]:6.0, [14, 11, 38, 33, 37, 28, 13]:6.0, [14, 11, 38, 29, 5, 3, 13]:6.0]
14-15-[[14, 15]:1.0, [14, 11, 15]:2.0, [14, 7, 15]:2.0, [14, 8, 15]:2.0]
14-16-[[14, 11, 38, 33, 37, 28, 16]:6.0, [14, 11, 38, 29, 5, 36, 16]:6.0, [14, 11, 38, 33, 37, 28, 0, 16]:7.0, [14, 11, 38, 33, 31, 24, 36, 16]:7.0]
14-17-[[14, 8, 18, 25, 17]:4.0, [14, 8, 18, 25, 2, 17]:5.0, [14, 8, 18, 26, 25, 17]:5.0, [14, 15, 27, 18, 25, 17]:5.0]
14-18-[[14, 8, 18]:2.0, [14, 15, 27, 18]:3.0, [14, 15, 8, 18]:3.0, [14, 7, 8, 18]:3.0]
14-19-[[14, 11, 38, 29, 5, 10, 19]:6.0, [14, 11, 38, 29, 5, 10, 12, 19]:7.0, [14, 11, 38, 29, 5, 13, 0, 19]:7.0, [14, 11, 38, 33, 37, 28, 12, 19]:7.0]
14-20-[[14, 11, 38, 20]:3.0, [14, 15, 27, 20]:3.0, [14, 11, 38, 27, 20]:4.0, [14, 15, 27, 38, 20]:4.0]
14-21-[[14, 8, 18, 25, 23, 21]:5.0, [14, 8, 18, 25, 2, 21]:5.0, [14, 8, 18, 25, 17, 21]:5.0, [14, 8, 18, 25, 23, 22, 21]:6.0]
14-22-[[14, 11, 38, 29, 9, 22]:5.0, [14, 8, 18, 25, 23, 22]:5.0, [14, 8, 18, 26, 39, 22]:5.0, [14, 11, 38, 29, 9, 39, 22]:6.0]
14-23-[[14, 8, 18, 25, 23]:4.0, [14, 8, 18, 25, 2, 23]:5.0, [14, 8, 18, 26, 25, 23]:5.0, [14, 15, 27, 18, 25, 23]:5.0]
14-24-[[14, 8, 18, 30, 35, 24]:5.0, [14, 11, 38, 33, 31, 24]:5.0, [14, 11, 38, 33, 37, 24]:5.0, [14, 11, 38, 29, 35, 24]:5.0]
15-0-[[15, 27, 20, 33, 37, 28, 0]:6.0, [15, 27, 38, 29, 5, 13, 0]:6.0, [15, 11, 38, 29, 5, 13, 0]:6.0, [15, 27, 38, 33, 37, 28, 0]:6.0]
15-1-[[15, 27, 20, 33, 31, 1]:5.0, [15, 27, 20, 33, 4, 1]:5.0, [15, 27, 18, 26, 39, 1]:5.0, [15, 11, 38, 33, 4, 1]:5.0]
15-2-[[15, 8, 18, 25, 2]:4.0, [15, 27, 18, 25, 2]:4.0, [15, 8, 18, 25, 17, 2]:5.0, [15, 8, 18, 26, 25, 2]:5.0]
15-3-[[15, 11, 38, 29, 5, 3]:5.0, [15, 27, 38, 29, 5, 3]:5.0, [15, 11, 38, 29, 5, 13, 3]:6.0, [15, 11, 38, 33, 4, 1, 3]:6.0]
15-4-[[15, 27, 20, 33, 4]:4.0, [15, 27, 38, 33, 4]:4.0, [15, 11, 38, 33, 4]:4.0, [15, 27, 20, 33, 31, 4]:5.0]
15-5-[[15, 11, 38, 29, 5]:4.0, [15, 27, 38, 29, 5]:4.0, [15, 27, 20, 38, 29, 5]:5.0, [15, 14, 11, 38, 29, 5]:5.0]
15-6-[[15, 11, 38, 29, 6]:4.0, [15, 27, 38, 29, 6]:4.0, [15, 11, 38, 29, 35, 6]:5.0, [15, 27, 18, 30, 35, 6]:5.0]
15-7-[[15, 7]:1.0, [15, 14, 7]:2.0, [15, 8, 7]:2.0, [15, 14, 8, 7]:3.0]
15-8-[[15, 8]:1.0, [15, 14, 8]:2.0, [15, 7, 8]:2.0, [15, 14, 7, 8]:3.0]
15-9-[[15, 11, 38, 29, 9]:4.0, [15, 27, 38, 29, 9]:4.0, [15, 11, 38, 29, 35, 9]:5.0, [15, 27, 18, 26, 39, 9]:5.0]
15-10-[[15, 11, 38, 29, 5, 10]:5.0, [15, 27, 38, 29, 5, 10]:5.0, [15, 11, 38, 29, 5, 3, 10]:6.0, [15, 27, 38, 29, 5, 3, 10]:6.0]
15-11-[[15, 11]:1.0, [15, 14, 11]:2.0, [15, 7, 32, 11]:3.0, [15, 7, 14, 11]:3.0]
15-12-[[15, 11, 38, 29, 5, 10, 12]:6.0, [15, 11, 38, 33, 37, 28, 12]:6.0, [15, 27, 20, 33, 37, 28, 12]:6.0, [15, 27, 38, 29, 5, 10, 12]:6.0]
15-13-[[15, 11, 38, 29, 5, 13]:5.0, [15, 27, 38, 29, 5, 13]:5.0, [15, 11, 38, 29, 5, 36, 13]:6.0, [15, 11, 38, 33, 37, 28, 13]:6.0]
15-14-[[15, 14]:1.0, [15, 11, 14]:2.0, [15, 7, 14]:2.0, [15, 8, 14]:2.0]
15-16-[[15, 11, 38, 29, 5, 36, 16]:6.0, [15, 11, 38, 33, 37, 28, 16]:6.0, [15, 27, 20, 33, 37, 28, 16]:6.0, [15, 27, 38, 29, 5, 36, 16]:6.0]
15-17-[[15, 8, 18, 25, 17]:4.0, [15, 27, 18, 25, 17]:4.0, [15, 8, 18, 25, 2, 17]:5.0, [15, 8, 18, 26, 25, 17]:5.0]
15-18-[[15, 8, 18]:2.0, [15, 27, 18]:2.0, [15, 14, 8, 18]:3.0, [15, 7, 8, 18]:3.0]
15-19-[[15, 11, 38, 29, 5, 10, 19]:6.0, [15, 27, 38, 29, 5, 10, 19]:6.0, [15, 11, 38, 29, 5, 10, 12, 19]:7.0, [15, 11, 38, 29, 5, 13, 0, 19]:7.0]
15-20-[[15, 27, 20]:2.0, [15, 27, 38, 20]:3.0, [15, 11, 38, 20]:3.0, [15, 27, 38, 33, 20]:4.0]
15-21-[[15, 8, 18, 25, 23, 21]:5.0, [15, 8, 18, 25, 2, 21]:5.0, [15, 27, 18, 25, 2, 21]:5.0, [15, 8, 18, 25, 17, 21]:5.0]
15-22-[[15, 11, 38, 29, 9, 22]:5.0, [15, 27, 18, 25, 23, 22]:5.0, [15, 27, 18, 26, 39, 22]:5.0, [15, 27, 38, 29, 9, 22]:5.0]
15-23-[[15, 8, 18, 25, 23]:4.0, [15, 27, 18, 25, 23]:4.0, [15, 8, 18, 25, 2, 23]:5.0, [15, 8, 18, 26, 25, 23]:5.0]
15-24-[[15, 8, 18, 30, 35, 24]:5.0, [15, 11, 38, 33, 31, 24]:5.0, [15, 11, 38, 33, 37, 24]:5.0, [15, 11, 38, 29, 35, 24]:5.0]
16-0-[[16, 0]:1.0, [16, 19, 0]:2.0, [16, 28, 0]:2.0, [16, 19, 12, 0]:3.0]
16-1-[[16, 36, 3, 1]:3.0, [16, 36, 5, 3, 1]:4.0, [16, 19, 10, 3, 1]:4.0, [16, 36, 13, 3, 1]:4.0]
16-2-[[16, 36, 5, 29, 9, 22, 21, 2]:7.0, [16, 36, 5, 29, 9, 22, 23, 2]:7.0, [16, 36, 3, 1, 39, 26, 25, 2]:7.0, [16, 36, 3, 1, 39, 22, 23, 2]:7.0]
16-3-[[16, 36, 3]:2.0, [16, 36, 5, 3]:3.0, [16, 19, 10, 3]:3.0, [16, 36, 13, 3]:3.0]
16-4-[[16, 28, 37, 4]:3.0, [16, 28, 37, 33, 4]:4.0, [16, 36, 3, 1, 4]:4.0, [16, 36, 24, 31, 4]:4.0]
16-5-[[16, 36, 5]:2.0, [16, 36, 13, 5]:3.0, [16, 19, 10, 5]:3.0, [16, 36, 3, 5]:3.0]
16-6-[[16, 36, 24, 6]:3.0, [16, 36, 24, 35, 6]:4.0, [16, 28, 37, 24, 6]:4.0, [16, 36, 5, 29, 6]:4.0]
16-7-[[16, 28, 37, 33, 38, 11, 14, 7]:7.0, [16, 28, 37, 33, 38, 11, 15, 7]:7.0, [16, 28, 37, 33, 38, 27, 15, 7]:7.0, [16, 28, 37, 33, 20, 34, 32, 7]:7.0]
16-8-[[16, 36, 24, 35, 30, 18, 8]:6.0, [16, 36, 24, 35, 30, 34, 32, 8]:7.0, [16, 36, 24, 6, 35, 30, 18, 8]:7.0, [16, 36, 5, 29, 38, 11, 15, 8]:7.0]
16-9-[[16, 36, 5, 29, 9]:4.0, [16, 36, 24, 35, 9]:4.0, [16, 36, 24, 6, 9]:4.0, [16, 36, 5, 29, 35, 9]:5.0]
16-10-[[16, 19, 10]:2.0, [16, 19, 12, 10]:3.0, [16, 36, 3, 10]:3.0, [16, 36, 5, 10]:3.0]
16-11-[[16, 28, 37, 33, 38, 11]:5.0, [16, 36, 5, 29, 38, 11]:5.0, [16, 28, 37, 33, 20, 38, 11]:6.0, [16, 28, 37, 4, 33, 38, 11]:6.0]
16-12-[[16, 19, 12]:2.0, [16, 0, 12]:2.0, [16, 28, 12]:2.0, [16, 19, 0, 12]:3.0]
16-13-[[16, 28, 13]:2.0, [16, 36, 13]:2.0, [16, 0, 13]:2.0, [16, 28, 0, 13]:3.0]
16-14-[[16, 28, 37, 33, 38, 11, 14]:6.0, [16, 36, 5, 29, 38, 11, 14]:6.0, [16, 28, 37, 33, 38, 11, 15, 14]:7.0, [16, 28, 37, 33, 20, 27, 15, 14]:7.0]
16-15-[[16, 28, 37, 33, 38, 11, 15]:6.0, [16, 28, 37, 33, 38, 27, 15]:6.0, [16, 36, 5, 29, 38, 27, 15]:6.0, [16, 28, 37, 33, 20, 27, 15]:6.0]
16-17-[[16, 36, 5, 29, 9, 22, 21, 17]:7.0, [16, 36, 5, 29, 9, 22, 23, 17]:7.0, [16, 36, 3, 1, 39, 26, 25, 17]:7.0, [16, 36, 3, 1, 39, 22, 23, 17]:7.0]
16-18-[[16, 36, 24, 35, 30, 18]:5.0, [16, 36, 24, 35, 30, 26, 18]:6.0, [16, 36, 24, 6, 35, 30, 18]:6.0, [16, 28, 37, 33, 38, 27, 18]:6.0]
16-19-[[16, 19]:1.0, [16, 0, 19]:2.0, [16, 0, 12, 19]:3.0, [16, 28, 12, 19]:3.0]
16-20-[[16, 28, 37, 33, 20]:4.0, [16, 28, 37, 33, 38, 20]:5.0, [16, 28, 37, 4, 33, 20]:5.0, [16, 36, 5, 29, 38, 20]:5.0]
16-21-[[16, 36, 5, 29, 9, 22, 21]:6.0, [16, 36, 3, 1, 39, 22, 21]:6.0, [16, 36, 24, 35, 9, 22, 21]:6.0, [16, 36, 24, 6, 9, 22, 21]:6.0]
16-22-[[16, 36, 5, 29, 9, 22]:5.0, [16, 36, 3, 1, 39, 22]:5.0, [16, 36, 24, 6, 9, 22]:5.0, [16, 36, 24, 35, 9, 22]:5.0]
16-23-[[16, 36, 5, 29, 9, 22, 23]:6.0, [16, 36, 3, 1, 39, 22, 23]:6.0, [16, 36, 24, 35, 9, 22, 23]:6.0, [16, 36, 24, 6, 9, 22, 23]:6.0]
16-24-[[16, 36, 24]:2.0, [16, 28, 37, 24]:3.0, [16, 28, 13, 36, 24]:4.0, [16, 0, 13, 36, 24]:4.0]
17-0-[[17, 23, 22, 9, 29, 5, 13, 0]:7.0, [17, 23, 22, 39, 1, 3, 13, 0]:7.0, [17, 25, 26, 39, 1, 3, 13, 0]:7.0, [17, 21, 22, 9, 29, 5, 13, 0]:7.0]
17-1-[[17, 23, 22, 39, 1]:4.0, [17, 25, 26, 39, 1]:4.0, [17, 21, 22, 39, 1]:4.0, [17, 23, 22, 9, 39, 1]:5.0]
17-2-[[17, 2]:1.0, [17, 25, 2]:2.0, [17, 21, 2]:2.0, [17, 23, 2]:2.0]
17-3-[[17, 23, 22, 39, 1, 3]:5.0, [17, 25, 26, 39, 1, 3]:5.0, [17, 21, 22, 39, 1, 3]:5.0, [17, 23, 22, 9, 29, 5, 3]:6.0]
17-4-[[17, 23, 22, 39, 1, 4]:5.0, [17, 25, 26, 39, 1, 4]:5.0, [17, 21, 22, 39, 1, 4]:5.0, [17, 23, 22, 39, 1, 31, 4]:6.0]
17-5-[[17, 23, 22, 9, 29, 5]:5.0, [17, 21, 22, 9, 29, 5]:5.0, [17, 23, 22, 9, 35, 29, 5]:6.0, [17, 23, 22, 39, 1, 3, 5]:6.0]
17-6-[[17, 23, 22, 9, 6]:4.0, [17, 21, 22, 9, 6]:4.0, [17, 23, 22, 9, 35, 6]:5.0, [17, 23, 21, 22, 9, 6]:5.0]
17-7-[[17, 25, 18, 8, 7]:4.0, [17, 25, 18, 8, 15, 7]:5.0, [17, 25, 26, 34, 32, 7]:5.0, [17, 2, 25, 18, 8, 7]:5.0]
17-8-[[17, 25, 18, 8]:3.0, [17, 25, 26, 18, 8]:4.0, [17, 2, 25, 18, 8]:4.0, [17, 23, 25, 18, 8]:4.0]
17-9-[[17, 23, 22, 9]:3.0, [17, 21, 22, 9]:3.0, [17, 23, 22, 39, 9]:4.0, [17, 21, 22, 39, 9]:4.0]
17-10-[[17, 23, 22, 9, 29, 5, 10]:6.0, [17, 23, 22, 39, 1, 3, 10]:6.0, [17, 25, 26, 39, 1, 3, 10]:6.0, [17, 21, 22, 9, 29, 5, 10]:6.0]
17-11-[[17, 25, 18, 27, 38, 11]:5.0, [17, 25, 18, 27, 15, 11]:5.0, [17, 25, 18, 8, 15, 11]:5.0, [17, 25, 26, 34, 32, 11]:5.0]
17-12-[[17, 23, 22, 9, 29, 5, 10, 12]:7.0, [17, 23, 22, 39, 1, 3, 10, 12]:7.0, [17, 25, 26, 39, 1, 3, 10, 12]:7.0, [17, 21, 22, 9, 29, 5, 10, 12]:7.0]
17-13-[[17, 23, 22, 9, 29, 5, 13]:6.0, [17, 23, 22, 39, 1, 3, 13]:6.0, [17, 25, 26, 39, 1, 3, 13]:6.0, [17, 21, 22, 9, 29, 5, 13]:6.0]
17-14-[[17, 25, 18, 8, 14]:4.0, [17, 25, 18, 8, 15, 14]:5.0, [17, 25, 26, 18, 8, 14]:5.0, [17, 2, 25, 18, 8, 14]:5.0]
17-15-[[17, 25, 18, 8, 15]:4.0, [17, 25, 18, 27, 15]:4.0, [17, 25, 18, 8, 14, 15]:5.0, [17, 2, 25, 18, 27, 15]:5.0]
17-16-[[17, 23, 22, 9, 29, 5, 36, 16]:7.0, [17, 23, 22, 9, 35, 24, 36, 16]:7.0, [17, 25, 26, 39, 1, 3, 36, 16]:7.0, [17, 23, 22, 39, 1, 3, 36, 16]:7.0]
17-18-[[17, 25, 18]:2.0, [17, 25, 26, 18]:3.0, [17, 2, 25, 18]:3.0, [17, 23, 25, 18]:3.0]
17-19-[[17, 23, 22, 9, 29, 5, 10, 19]:7.0, [17, 23, 22, 39, 1, 3, 10, 19]:7.0, [17, 25, 26, 39, 1, 3, 10, 19]:7.0, [17, 21, 22, 9, 29, 5, 10, 19]:7.0]
17-20-[[17, 25, 26, 34, 20]:4.0, [17, 25, 18, 27, 20]:4.0, [17, 25, 26, 18, 27, 20]:5.0, [17, 2, 25, 18, 27, 20]:5.0]
17-21-[[17, 21]:1.0, [17, 2, 21]:2.0, [17, 23, 21]:2.0, [17, 2, 23, 21]:3.0]
17-22-[[17, 23, 22]:2.0, [17, 21, 22]:2.0, [17, 23, 21, 22]:3.0, [17, 2, 23, 22]:3.0]
17-23-[[17, 23]:1.0, [17, 2, 23]:2.0, [17, 25, 23]:2.0, [17, 21, 23]:2.0]
17-24-[[17, 23, 22, 9, 6, 24]:5.0, [17, 23, 22, 9, 35, 24]:5.0, [17, 25, 18, 30, 35, 24]:5.0, [17, 25, 26, 30, 35, 24]:5.0]
18-0-[[18, 27, 38, 33, 37, 28, 0]:6.0, [18, 27, 38, 29, 5, 13, 0]:6.0, [18, 30, 35, 29, 5, 13, 0]:6.0, [18, 27, 20, 33, 37, 28, 0]:6.0]
18-1-[[18, 26, 39, 1]:3.0, [18, 30, 26, 39, 1]:4.0, [18, 25, 26, 39, 1]:4.0, [18, 30, 35, 24, 31, 1]:5.0]
18-2-[[18, 25, 2]:2.0, [18, 25, 17, 2]:3.0, [18, 26, 25, 2]:3.0, [18, 25, 23, 2]:3.0]
18-3-[[18, 26, 39, 1, 3]:4.0, [18, 30, 35, 24, 36, 3]:5.0, [18, 30, 35, 29, 5, 3]:5.0, [18, 30, 26, 39, 1, 3]:5.0]
18-4-[[18, 27, 38, 33, 4]:4.0, [18, 27, 20, 33, 4]:4.0, [18, 26, 39, 1, 4]:4.0, [18, 27, 38, 33, 31, 4]:5.0]
18-5-[[18, 27, 38, 29, 5]:4.0, [18, 30, 35, 29, 5]:4.0, [18, 27, 20, 38, 29, 5]:5.0, [18, 26, 39, 1, 3, 5]:5.0]
18-6-[[18, 30, 35, 6]:3.0, [18, 30, 35, 29, 6]:4.0, [18, 26, 39, 9, 6]:4.0, [18, 30, 35, 9, 6]:4.0]
18-7-[[18, 8, 7]:2.0, [18, 8, 15, 7]:3.0, [18, 27, 15, 7]:3.0, [18, 8, 14, 7]:3.0]
18-8-[[18, 8]:1.0, [18, 27, 15, 8]:3.0, [18, 27, 15, 14, 8]:4.0, [18, 30, 34, 32, 8]:4.0]
18-9-[[18, 30, 35, 9]:3.0, [18, 26, 39, 9]:3.0, [18, 30, 35, 29, 9]:4.0, [18, 26, 39, 22, 9]:4.0]
18-10-[[18, 27, 38, 29, 5, 10]:5.0, [18, 30, 35, 29, 5, 10]:5.0, [18, 26, 39, 1, 3, 10]:5.0, [18, 27, 38, 29, 5, 3, 10]:6.0]
18-11-[[18, 27, 38, 11]:3.0, [18, 27, 15, 11]:3.0, [18, 8, 15, 11]:3.0, [18, 8, 14, 11]:3.0]
18-12-[[18, 27, 38, 33, 37, 28, 12]:6.0, [18, 27, 38, 29, 5, 10, 12]:6.0, [18, 30, 35, 29, 5, 10, 12]:6.0, [18, 27, 20, 33, 37, 28, 12]:6.0]
18-13-[[18, 27, 38, 29, 5, 13]:5.0, [18, 30, 35, 24, 36, 13]:5.0, [18, 30, 35, 29, 5, 13]:5.0, [18, 26, 39, 1, 3, 13]:5.0]
18-14-[[18, 8, 14]:2.0, [18, 8, 15, 14]:3.0, [18, 27, 15, 14]:3.0, [18, 8, 7, 14]:3.0]
18-15-[[18, 8, 15]:2.0, [18, 27, 15]:2.0, [18, 8, 14, 15]:3.0, [18, 8, 7, 15]:3.0]
18-16-[[18, 30, 35, 24, 36, 16]:5.0, [18, 30, 35, 24, 37, 28, 16]:6.0, [18, 30, 35, 29, 5, 36, 16]:6.0, [18, 26, 39, 1, 3, 36, 16]:6.0]
18-17-[[18, 25, 17]:2.0, [18, 25, 2, 17]:3.0, [18, 26, 25, 17]:3.0, [18, 25, 23, 17]:3.0]
18-19-[[18, 27, 38, 29, 5, 10, 19]:6.0, [18, 30, 35, 24, 36, 16, 19]:6.0, [18, 30, 35, 29, 5, 10, 19]:6.0, [18, 26, 39, 1, 3, 10, 19]:6.0]
18-20-[[18, 27, 20]:2.0, [18, 27, 38, 20]:3.0, [18, 30, 34, 20]:3.0, [18, 26, 34, 20]:3.0]
18-21-[[18, 25, 23, 21]:3.0, [18, 25, 2, 21]:3.0, [18, 25, 17, 21]:3.0, [18, 25, 23, 22, 21]:4.0]
18-22-[[18, 25, 23, 22]:3.0, [18, 26, 39, 22]:3.0, [18, 25, 23, 21, 22]:4.0, [18, 26, 39, 9, 22]:4.0]
18-23-[[18, 25, 23]:2.0, [18, 25, 2, 23]:3.0, [18, 26, 25, 23]:3.0, [18, 25, 17, 23]:3.0]
18-24-[[18, 30, 35, 24]:3.0, [18, 30, 35, 6, 24]:4.0, [18, 26, 30, 35, 24]:4.0, [18, 30, 35, 29, 6, 24]:5.0]
19-0-[[19, 0]:1.0, [19, 12, 0]:2.0, [19, 16, 0]:2.0, [19, 12, 28, 0]:3.0]
19-1-[[19, 10, 3, 1]:3.0, [19, 10, 5, 3, 1]:4.0, [19, 12, 10, 3, 1]:4.0, [19, 16, 36, 3, 1]:4.0]
19-2-[[19, 10, 3, 1, 39, 22, 23, 2]:7.0, [19, 10, 3, 1, 39, 22, 21, 2]:7.0, [19, 10, 5, 29, 9, 22, 21, 2]:7.0, [19, 10, 3, 1, 39, 26, 25, 2]:7.0]
19-3-[[19, 10, 3]:2.0, [19, 10, 5, 3]:3.0, [19, 12, 10, 3]:3.0, [19, 16, 36, 3]:3.0]
19-4-[[19, 10, 3, 1, 4]:4.0, [19, 12, 28, 37, 4]:4.0, [19, 16, 28, 37, 4]:4.0, [19, 0, 28, 37, 4]:4.0]
19-5-[[19, 10, 5]:2.0, [19, 10, 3, 5]:3.0, [19, 12, 10, 5]:3.0, [19, 16, 36, 5]:3.0]
19-6-[[19, 10, 5, 29, 6]:4.0, [19, 16, 36, 24, 6]:4.0, [19, 10, 5, 29, 35, 6]:5.0, [19, 10, 3, 36, 24, 6]:5.0]
19-7-[[19, 10, 5, 29, 38, 11, 14, 7]:7.0, [19, 10, 5, 29, 38, 11, 15, 7]:7.0, [19, 10, 5, 29, 38, 27, 15, 7]:7.0, [19, 10, 5, 29, 38, 11, 32, 7]:7.0]
19-8-[[19, 10, 5, 29, 38, 11, 14, 8]:7.0, [19, 10, 5, 29, 38, 11, 15, 8]:7.0, [19, 10, 5, 29, 38, 27, 15, 8]:7.0, [19, 10, 5, 29, 35, 30, 18, 8]:7.0]
19-9-[[19, 10, 5, 29, 9]:4.0, [19, 10, 5, 29, 35, 9]:5.0, [19, 10, 3, 1, 39, 9]:5.0, [19, 12, 10, 5, 29, 9]:5.0]
19-10-[[19, 10]:1.0, [19, 12, 10]:2.0, [19, 0, 12, 10]:3.0, [19, 0, 13, 5, 10]:4.0]
19-11-[[19, 10, 5, 29, 38, 11]:5.0, [19, 10, 3, 5, 29, 38, 11]:6.0, [19, 12, 28, 37, 33, 38, 11]:6.0, [19, 12, 10, 5, 29, 38, 11]:6.0]
19-12-[[19, 12]:1.0, [19, 0, 12]:2.0, [19, 10, 12]:2.0, [19, 0, 28, 12]:3.0]
19-13-[[19, 0, 13]:2.0, [19, 0, 28, 13]:3.0, [19, 12, 28, 13]:3.0, [19, 12, 0, 13]:3.0]
19-14-[[19, 10, 5, 29, 38, 11, 14]:6.0, [19, 10, 5, 29, 38, 11, 15, 14]:7.0, [19, 10, 5, 29, 38, 27, 15, 14]:7.0, [19, 10, 3, 5, 29, 38, 11, 14]:7.0]
19-15-[[19, 10, 5, 29, 38, 11, 15]:6.0, [19, 10, 5, 29, 38, 27, 15]:6.0, [19, 10, 5, 29, 38, 11, 14, 15]:7.0, [19, 10, 3, 5, 29, 38, 27, 15]:7.0]
19-16-[[19, 16]:1.0, [19, 0, 16]:2.0, [19, 0, 28, 16]:3.0, [19, 12, 28, 16]:3.0]
19-17-[[19, 10, 3, 1, 39, 22, 23, 17]:7.0, [19, 10, 3, 1, 39, 22, 21, 17]:7.0, [19, 10, 5, 29, 9, 22, 21, 17]:7.0, [19, 10, 3, 1, 39, 26, 25, 17]:7.0]
19-18-[[19, 10, 5, 29, 35, 30, 18]:6.0, [19, 10, 5, 29, 38, 27, 18]:6.0, [19, 16, 36, 24, 35, 30, 18]:6.0, [19, 10, 3, 1, 39, 26, 18]:6.0]
19-20-[[19, 12, 28, 37, 33, 20]:5.0, [19, 16, 28, 37, 33, 20]:5.0, [19, 0, 28, 37, 33, 20]:5.0, [19, 10, 5, 29, 38, 20]:5.0]
19-21-[[19, 10, 3, 1, 39, 22, 21]:6.0, [19, 10, 5, 29, 9, 22, 21]:6.0, [19, 10, 3, 1, 39, 22, 23, 21]:7.0, [19, 10, 3, 1, 39, 9, 22, 21]:7.0]
19-22-[[19, 10, 3, 1, 39, 22]:5.0, [19, 10, 5, 29, 9, 22]:5.0, [19, 10, 3, 1, 39, 9, 22]:6.0, [19, 12, 10, 5, 29, 9, 22]:6.0]
19-23-[[19, 10, 3, 1, 39, 22, 23]:6.0, [19, 10, 5, 29, 9, 22, 23]:6.0, [19, 10, 3, 1, 39, 22, 21, 23]:7.0, [19, 10, 3, 1, 39, 26, 25, 23]:7.0]
19-24-[[19, 16, 36, 24]:3.0, [19, 16, 28, 37, 24]:4.0, [19, 12, 28, 37, 24]:4.0, [19, 0, 13, 36, 24]:4.0]
20-0-[[20, 33, 37, 28, 0]:4.0, [20, 33, 37, 28, 12, 0]:5.0, [20, 33, 4, 37, 28, 0]:5.0, [20, 38, 29, 5, 13, 0]:5.0]
20-1-[[20, 33, 31, 1]:3.0, [20, 33, 4, 1]:3.0, [20, 33, 31, 4, 1]:4.0, [20, 33, 4, 31, 1]:4.0]
20-2-[[20, 27, 18, 25, 2]:4.0, [20, 34, 26, 25, 2]:4.0, [20, 27, 18, 25, 17, 2]:5.0, [20, 27, 18, 26, 25, 2]:5.0]
20-3-[[20, 33, 31, 1, 3]:4.0, [20, 33, 4, 1, 3]:4.0, [20, 38, 29, 5, 3]:4.0, [20, 33, 31, 4, 1, 3]:5.0]
20-4-[[20, 33, 4]:2.0, [20, 33, 31, 4]:3.0, [20, 38, 33, 4]:3.0, [20, 33, 37, 4]:3.0]
20-5-[[20, 38, 29, 5]:3.0, [20, 27, 38, 29, 5]:4.0, [20, 33, 38, 29, 5]:4.0, [20, 33, 31, 24, 36, 5]:5.0]
20-6-[[20, 38, 29, 6]:3.0, [20, 38, 29, 35, 6]:4.0, [20, 34, 30, 35, 6]:4.0, [20, 38, 29, 9, 6]:4.0]
20-7-[[20, 34, 32, 7]:3.0, [20, 27, 15, 7]:3.0, [20, 34, 32, 8, 7]:4.0, [20, 27, 15, 14, 7]:4.0]
20-8-[[20, 27, 18, 8]:3.0, [20, 27, 15, 8]:3.0, [20, 34, 32, 8]:3.0, [20, 27, 15, 14, 8]:4.0]
20-9-[[20, 38, 29, 9]:3.0, [20, 38, 29, 35, 9]:4.0, [20, 34, 26, 39, 9]:4.0, [20, 38, 29, 6, 9]:4.0]
20-10-[[20, 38, 29, 5, 10]:4.0, [20, 38, 29, 5, 3, 10]:5.0, [20, 27, 38, 29, 5, 10]:5.0, [20, 33, 37, 28, 12, 10]:5.0]
20-11-[[20, 38, 11]:2.0, [20, 34, 32, 11]:3.0, [20, 27, 15, 11]:3.0, [20, 27, 38, 11]:3.0]
20-12-[[20, 33, 37, 28, 12]:4.0, [20, 33, 37, 28, 0, 12]:5.0, [20, 33, 4, 37, 28, 12]:5.0, [20, 38, 29, 5, 10, 12]:5.0]
20-13-[[20, 33, 37, 28, 13]:4.0, [20, 38, 29, 5, 13]:4.0, [20, 33, 37, 28, 0, 13]:5.0, [20, 33, 31, 24, 36, 13]:5.0]
20-14-[[20, 27, 15, 14]:3.0, [20, 38, 11, 14]:3.0, [20, 27, 15, 11, 14]:4.0, [20, 38, 11, 15, 14]:4.0]
20-15-[[20, 27, 15]:2.0, [20, 38, 11, 15]:3.0, [20, 38, 27, 15]:3.0, [20, 27, 18, 8, 15]:4.0]
20-16-[[20, 33, 37, 28, 16]:4.0, [20, 33, 37, 28, 0, 16]:5.0, [20, 33, 31, 24, 36, 16]:5.0, [20, 38, 29, 5, 36, 16]:5.0]
20-17-[[20, 27, 18, 25, 17]:4.0, [20, 34, 26, 25, 17]:4.0, [20, 27, 18, 25, 2, 17]:5.0, [20, 27, 18, 26, 25, 17]:5.0]
20-18-[[20, 27, 18]:2.0, [20, 34, 30, 18]:3.0, [20, 34, 26, 18]:3.0, [20, 38, 27, 18]:3.0]
20-19-[[20, 38, 29, 5, 10, 19]:5.0, [20, 33, 37, 28, 12, 19]:5.0, [20, 33, 37, 28, 16, 19]:5.0, [20, 33, 37, 28, 0, 19]:5.0]
20-21-[[20, 27, 18, 25, 2, 21]:5.0, [20, 27, 18, 25, 17, 21]:5.0, [20, 34, 26, 39, 22, 21]:5.0, [20, 27, 18, 25, 23, 21]:5.0]
20-22-[[20, 38, 29, 9, 22]:4.0, [20, 34, 26, 39, 22]:4.0, [20, 38, 29, 9, 39, 22]:5.0, [20, 38, 29, 35, 9, 22]:5.0]
20-23-[[20, 27, 18, 25, 23]:4.0, [20, 34, 26, 25, 23]:4.0, [20, 27, 18, 25, 2, 23]:5.0, [20, 27, 18, 26, 25, 23]:5.0]
20-24-[[20, 33, 37, 24]:3.0, [20, 33, 31, 24]:3.0, [20, 34, 30, 35, 24]:4.0, [20, 33, 4, 37, 24]:4.0]
21-0-[[21, 22, 9, 29, 5, 13, 0]:6.0, [21, 22, 39, 1, 3, 13, 0]:6.0, [21, 22, 9, 29, 5, 13, 28, 0]:7.0, [21, 22, 9, 29, 5, 36, 16, 0]:7.0]
21-1-[[21, 22, 39, 1]:3.0, [21, 22, 9, 39, 1]:4.0, [21, 23, 22, 39, 1]:4.0, [21, 23, 22, 9, 39, 1]:5.0]
21-2-[[21, 2]:1.0, [21, 17, 2]:2.0, [21, 23, 2]:2.0, [21, 17, 25, 2]:3.0]
21-3-[[21, 22, 39, 1, 3]:4.0, [21, 22, 9, 29, 5, 3]:5.0, [21, 23, 22, 39, 1, 3]:5.0, [21, 22, 9, 39, 1, 3]:5.0]
21-4-[[21, 22, 39, 1, 4]:4.0, [21, 22, 39, 1, 31, 4]:5.0, [21, 22, 9, 39, 1, 4]:5.0, [21, 23, 22, 39, 1, 4]:5.0]
21-5-[[21, 22, 9, 29, 5]:4.0, [21, 22, 9, 35, 29, 5]:5.0, [21, 22, 39, 1, 3, 5]:5.0, [21, 22, 9, 6, 29, 5]:5.0]
21-6-[[21, 22, 9, 6]:3.0, [21, 22, 9, 35, 6]:4.0, [21, 23, 22, 9, 6]:4.0, [21, 22, 39, 9, 6]:4.0]
21-7-[[21, 23, 25, 18, 8, 7]:5.0, [21, 2, 25, 18, 8, 7]:5.0, [21, 17, 25, 18, 8, 7]:5.0, [21, 23, 25, 18, 8, 15, 7]:6.0]
21-8-[[21, 23, 25, 18, 8]:4.0, [21, 2, 25, 18, 8]:4.0, [21, 17, 25, 18, 8]:4.0, [21, 23, 25, 26, 18, 8]:5.0]
21-9-[[21, 22, 9]:2.0, [21, 22, 39, 9]:3.0, [21, 23, 22, 9]:3.0, [21, 23, 22, 39, 9]:4.0]
21-10-[[21, 22, 9, 29, 5, 10]:5.0, [21, 22, 39, 1, 3, 10]:5.0, [21, 22, 9, 29, 5, 3, 10]:6.0, [21, 23, 22, 39, 1, 3, 10]:6.0]
21-11-[[21, 22, 9, 29, 38, 11]:5.0, [21, 22, 9, 35, 29, 38, 11]:6.0, [21, 22, 39, 26, 34, 32, 11]:6.0, [21, 2, 25, 26, 34, 32, 11]:6.0]
21-12-[[21, 22, 9, 29, 5, 10, 12]:6.0, [21, 22, 39, 1, 3, 10, 12]:6.0, [21, 22, 9, 29, 5, 10, 19, 12]:7.0, [21, 22, 9, 29, 5, 13, 28, 12]:7.0]
21-13-[[21, 22, 9, 29, 5, 13]:5.0, [21, 22, 39, 1, 3, 13]:5.0, [21, 22, 9, 29, 5, 36, 13]:6.0, [21, 23, 22, 39, 1, 3, 13]:6.0]
21-14-[[21, 23, 25, 18, 8, 14]:5.0, [21, 2, 25, 18, 8, 14]:5.0, [21, 17, 25, 18, 8, 14]:5.0, [21, 23, 25, 18, 8, 15, 14]:6.0]
21-15-[[21, 23, 25, 18, 8, 15]:5.0, [21, 23, 25, 18, 27, 15]:5.0, [21, 2, 25, 18, 27, 15]:5.0, [21, 2, 25, 18, 8, 15]:5.0]
21-16-[[21, 22, 9, 29, 5, 36, 16]:6.0, [21, 22, 9, 35, 24, 36, 16]:6.0, [21, 22, 39, 1, 3, 36, 16]:6.0, [21, 22, 9, 6, 24, 36, 16]:6.0]
21-17-[[21, 17]:1.0, [21, 2, 17]:2.0, [21, 23, 17]:2.0, [21, 2, 25, 17]:3.0]
21-18-[[21, 23, 25, 18]:3.0, [21, 2, 25, 18]:3.0, [21, 17, 25, 18]:3.0, [21, 23, 25, 26, 18]:4.0]
21-19-[[21, 22, 9, 29, 5, 10, 19]:6.0, [21, 22, 39, 1, 3, 10, 19]:6.0, [21, 22, 9, 29, 5, 10, 12, 19]:7.0, [21, 22, 9, 29, 5, 13, 0, 19]:7.0]
21-20-[[21, 22, 9, 29, 38, 20]:5.0, [21, 22, 39, 26, 34, 20]:5.0, [21, 2, 25, 18, 27, 20]:5.0, [21, 2, 25, 26, 34, 20]:5.0]
21-22-[[21, 22]:1.0, [21, 23, 22]:2.0, [21, 2, 23, 22]:3.0, [21, 17, 23, 22]:3.0]
21-23-[[21, 23]:1.0, [21, 22, 23]:2.0, [21, 2, 23]:2.0, [21, 17, 23]:2.0]
21-24-[[21, 22, 9, 6, 24]:4.0, [21, 22, 9, 35, 24]:4.0, [21, 22, 9, 6, 35, 24]:5.0, [21, 23, 22, 9, 35, 24]:5.0]
22-0-[[22, 39, 1, 3, 13, 0]:5.0, [22, 9, 29, 5, 13, 0]:5.0, [22, 39, 1, 3, 13, 28, 0]:6.0, [22, 39, 1, 4, 37, 28, 0]:6.0]
22-1-[[22, 39, 1]:2.0, [22, 9, 39, 1]:3.0, [22, 9, 35, 24, 31, 1]:5.0, [22, 23, 25, 26, 39, 1]:5.0]
22-2-[[22, 23, 2]:2.0, [22, 21, 2]:2.0, [22, 23, 17, 2]:3.0, [22, 21, 17, 2]:3.0]
22-3-[[22, 39, 1, 3]:3.0, [22, 9, 29, 5, 3]:4.0, [22, 9, 39, 1, 3]:4.0, [22, 39, 9, 29, 5, 3]:5.0]
22-4-[[22, 39, 1, 4]:3.0, [22, 39, 1, 31, 4]:4.0, [22, 9, 39, 1, 4]:4.0, [22, 39, 1, 31, 33, 4]:5.0]
22-5-[[22, 9, 29, 5]:3.0, [22, 9, 35, 29, 5]:4.0, [22, 39, 1, 3, 5]:4.0, [22, 9, 6, 29, 5]:4.0]
22-6-[[22, 9, 6]:2.0, [22, 9, 35, 6]:3.0, [22, 39, 9, 6]:3.0, [22, 9, 29, 6]:3.0]
22-7-[[22, 39, 26, 34, 32, 7]:5.0, [22, 39, 26, 18, 8, 7]:5.0, [22, 23, 25, 18, 8, 7]:5.0, [22, 39, 26, 34, 32, 8, 7]:6.0]
22-8-[[22, 39, 26, 18, 8]:4.0, [22, 23, 25, 18, 8]:4.0, [22, 39, 26, 34, 32, 8]:5.0, [22, 23, 2, 25, 18, 8]:5.0]
22-9-[[22, 9]:1.0, [22, 39, 9]:2.0, [22, 39, 26, 30, 35, 9]:5.0, [22, 23, 25, 26, 39, 9]:5.0]
22-10-[[22, 39, 1, 3, 10]:4.0, [22, 9, 29, 5, 10]:4.0, [22, 39, 1, 3, 5, 10]:5.0, [22, 39, 9, 29, 5, 10]:5.0]
22-11-[[22, 9, 29, 38, 11]:4.0, [22, 9, 35, 29, 38, 11]:5.0, [22, 39, 26, 34, 32, 11]:5.0, [22, 9, 6, 29, 38, 11]:5.0]
22-12-[[22, 39, 1, 3, 10, 12]:5.0, [22, 9, 29, 5, 10, 12]:5.0, [22, 39, 1, 3, 10, 19, 12]:6.0, [22, 39, 1, 4, 37, 28, 12]:6.0]
22-13-[[22, 39, 1, 3, 13]:4.0, [22, 9, 29, 5, 13]:4.0, [22, 39, 1, 3, 5, 13]:5.0, [22, 39, 9, 29, 5, 13]:5.0]
22-14-[[22, 9, 29, 38, 11, 14]:5.0, [22, 39, 26, 18, 8, 14]:5.0, [22, 23, 25, 18, 8, 14]:5.0, [22, 9, 29, 38, 11, 15, 14]:6.0]
22-15-[[22, 9, 29, 38, 11, 15]:5.0, [22, 9, 29, 38, 27, 15]:5.0, [22, 39, 26, 18, 8, 15]:5.0, [22, 39, 26, 18, 27, 15]:5.0]
22-16-[[22, 39, 1, 3, 36, 16]:5.0, [22, 9, 29, 5, 36, 16]:5.0, [22, 9, 35, 24, 36, 16]:5.0, [22, 9, 6, 24, 36, 16]:5.0]
22-17-[[22, 23, 17]:2.0, [22, 21, 17]:2.0, [22, 23, 2, 17]:3.0, [22, 21, 2, 17]:3.0]
22-18-[[22, 39, 26, 18]:3.0, [22, 23, 25, 18]:3.0, [22, 39, 26, 30, 18]:4.0, [22, 23, 25, 26, 18]:4.0]
22-19-[[22, 39, 1, 3, 10, 19]:5.0, [22, 9, 29, 5, 10, 19]:5.0, [22, 39, 1, 3, 10, 12, 19]:6.0, [22, 39, 1, 3, 5, 10, 19]:6.0]
22-20-[[22, 39, 26, 34, 20]:4.0, [22, 9, 29, 38, 20]:4.0, [22, 39, 26, 18, 27, 20]:5.0, [22, 39, 1, 31, 33, 20]:5.0]
22-21-[[22, 21]:1.0, [22, 23, 21]:2.0, [22, 23, 2, 21]:3.0, [22, 23, 17, 21]:3.0]
22-23-[[22, 23]:1.0, [22, 21, 23]:2.0, [22, 21, 2, 23]:3.0, [22, 21, 17, 23]:3.0]
22-24-[[22, 9, 6, 24]:3.0, [22, 9, 35, 24]:3.0, [22, 9, 6, 35, 24]:4.0, [22, 9, 35, 6, 24]:4.0]
23-0-[[23, 22, 9, 29, 5, 13, 0]:6.0, [23, 22, 39, 1, 3, 13, 0]:6.0, [23, 22, 9, 29, 5, 13, 28, 0]:7.0, [23, 22, 9, 29, 5, 36, 16, 0]:7.0]
23-1-[[23, 22, 39, 1]:3.0, [23, 22, 9, 39, 1]:4.0, [23, 25, 26, 39, 1]:4.0, [23, 21, 22, 39, 1]:4.0]
23-2-[[23, 2]:1.0, [23, 17, 2]:2.0, [23, 25, 2]:2.0, [23, 21, 2]:2.0]
23-3-[[23, 22, 39, 1, 3]:4.0, [23, 22, 9, 29, 5, 3]:5.0, [23, 25, 26, 39, 1, 3]:5.0, [23, 22, 9, 39, 1, 3]:5.0]
23-4-[[23, 22, 39, 1, 4]:4.0, [23, 22, 39, 1, 31, 4]:5.0, [23, 22, 9, 39, 1, 4]:5.0, [23, 25, 26, 39, 1, 4]:5.0]
23-5-[[23, 22, 9, 29, 5]:4.0, [23, 22, 9, 35, 29, 5]:5.0, [23, 22, 39, 1, 3, 5]:5.0, [23, 22, 9, 6, 29, 5]:5.0]
23-6-[[23, 22, 9, 6]:3.0, [23, 22, 9, 35, 6]:4.0, [23, 21, 22, 9, 6]:4.0, [23, 22, 39, 9, 6]:4.0]
23-7-[[23, 25, 18, 8, 7]:4.0, [23, 25, 18, 8, 15, 7]:5.0, [23, 25, 26, 34, 32, 7]:5.0, [23, 2, 25, 18, 8, 7]:5.0]
23-8-[[23, 25, 18, 8]:3.0, [23, 25, 26, 18, 8]:4.0, [23, 2, 25, 18, 8]:4.0, [23, 17, 25, 18, 8]:4.0]
23-9-[[23, 22, 9]:2.0, [23, 22, 39, 9]:3.0, [23, 21, 22, 9]:3.0, [23, 21, 22, 39, 9]:4.0]
23-10-[[23, 22, 9, 29, 5, 10]:5.0, [23, 22, 39, 1, 3, 10]:5.0, [23, 22, 9, 29, 5, 3, 10]:6.0, [23, 25, 26, 39, 1, 3, 10]:6.0]
23-11-[[23, 25, 18, 8, 14, 11]:5.0, [23, 25, 18, 8, 15, 11]:5.0, [23, 25, 18, 27, 15, 11]:5.0, [23, 22, 9, 29, 38, 11]:5.0]
23-12-[[23, 22, 9, 29, 5, 10, 12]:6.0, [23, 22, 39, 1, 3, 10, 12]:6.0, [23, 22, 9, 29, 5, 10, 19, 12]:7.0, [23, 22, 9, 29, 5, 13, 28, 12]:7.0]
23-13-[[23, 22, 9, 29, 5, 13]:5.0, [23, 22, 39, 1, 3, 13]:5.0, [23, 22, 9, 29, 5, 36, 13]:6.0, [23, 25, 26, 39, 1, 3, 13]:6.0]
23-14-[[23, 25, 18, 8, 14]:4.0, [23, 25, 18, 8, 15, 14]:5.0, [23, 25, 26, 18, 8, 14]:5.0, [23, 2, 25, 18, 8, 14]:5.0]
23-15-[[23, 25, 18, 27, 15]:4.0, [23, 25, 18, 8, 15]:4.0, [23, 25, 26, 18, 8, 15]:5.0, [23, 2, 25, 18, 8, 15]:5.0]
23-16-[[23, 22, 9, 29, 5, 36, 16]:6.0, [23, 22, 9, 35, 24, 36, 16]:6.0, [23, 22, 39, 1, 3, 36, 16]:6.0, [23, 22, 9, 6, 24, 36, 16]:6.0]
23-17-[[23, 17]:1.0, [23, 2, 17]:2.0, [23, 25, 17]:2.0, [23, 21, 17]:2.0]
23-18-[[23, 25, 18]:2.0, [23, 25, 26, 18]:3.0, [23, 2, 25, 18]:3.0, [23, 17, 25, 18]:3.0]
23-19-[[23, 22, 9, 29, 5, 10, 19]:6.0, [23, 22, 39, 1, 3, 10, 19]:6.0, [23, 22, 9, 29, 5, 10, 12, 19]:7.0, [23, 22, 9, 29, 5, 13, 0, 19]:7.0]
23-20-[[23, 25, 26, 34, 20]:4.0, [23, 25, 18, 27, 20]:4.0, [23, 25, 26, 18, 27, 20]:5.0, [23, 22, 9, 29, 38, 20]:5.0]
23-21-[[23, 21]:1.0, [23, 22, 21]:2.0, [23, 2, 21]:2.0, [23, 17, 21]:2.0]
23-22-[[23, 22]:1.0, [23, 21, 22]:2.0, [23, 2, 21, 22]:3.0, [23, 17, 21, 22]:3.0]
23-24-[[23, 22, 9, 6, 24]:4.0, [23, 22, 9, 35, 24]:4.0, [23, 22, 9, 6, 35, 24]:5.0, [23, 25, 18, 30, 35, 24]:5.0]
24-0-[[24, 37, 28, 0]:3.0, [24, 36, 13, 0]:3.0, [24, 36, 16, 0]:3.0, [24, 37, 28, 12, 0]:4.0]
24-1-[[24, 31, 1]:2.0, [24, 31, 4, 1]:3.0, [24, 36, 3, 1]:3.0, [24, 37, 4, 1]:3.0]
24-2-[[24, 35, 30, 18, 25, 2]:5.0, [24, 35, 30, 26, 25, 2]:5.0, [24, 35, 9, 22, 23, 2]:5.0, [24, 6, 9, 22, 23, 2]:5.0]
24-3-[[24, 36, 3]:2.0, [24, 36, 5, 3]:3.0, [24, 31, 1, 3]:3.0, [24, 36, 13, 3]:3.0]
24-4-[[24, 37, 4]:2.0, [24, 31, 4]:2.0, [24, 37, 33, 4]:3.0, [24, 31, 1, 4]:3.0]
24-5-[[24, 36, 5]:2.0, [24, 36, 13, 5]:3.0, [24, 35, 29, 5]:3.0, [24, 36, 3, 5]:3.0]
24-6-[[24, 6]:1.0, [24, 35, 6]:2.0, [24, 35, 29, 6]:3.0, [24, 35, 9, 6]:3.0]
24-7-[[24, 35, 30, 18, 8, 7]:5.0, [24, 35, 30, 34, 32, 7]:5.0, [24, 35, 30, 18, 8, 15, 7]:6.0, [24, 31, 33, 38, 11, 15, 7]:6.0]
24-8-[[24, 35, 30, 18, 8]:4.0, [24, 35, 30, 34, 32, 8]:5.0, [24, 6, 35, 30, 18, 8]:5.0, [24, 35, 30, 26, 18, 8]:5.0]
24-9-[[24, 35, 9]:2.0, [24, 6, 9]:2.0, [24, 35, 29, 9]:3.0, [24, 6, 35, 9]:3.0]
24-10-[[24, 36, 3, 10]:3.0, [24, 36, 5, 10]:3.0, [24, 36, 3, 5, 10]:4.0, [24, 36, 5, 3, 10]:4.0]
24-11-[[24, 37, 33, 38, 11]:4.0, [24, 35, 29, 38, 11]:4.0, [24, 31, 33, 38, 11]:4.0, [24, 6, 29, 38, 11]:4.0]
24-12-[[24, 37, 28, 12]:3.0, [24, 37, 28, 0, 12]:4.0, [24, 36, 3, 10, 12]:4.0, [24, 36, 16, 19, 12]:4.0]
24-13-[[24, 36, 13]:2.0, [24, 36, 5, 13]:3.0, [24, 37, 28, 13]:3.0, [24, 36, 3, 13]:3.0]
24-14-[[24, 35, 30, 18, 8, 14]:5.0, [24, 35, 29, 38, 11, 14]:5.0, [24, 31, 33, 38, 11, 14]:5.0, [24, 6, 29, 38, 11, 14]:5.0]
24-15-[[24, 35, 30, 18, 8, 15]:5.0, [24, 35, 30, 18, 27, 15]:5.0, [24, 35, 29, 38, 11, 15]:5.0, [24, 31, 33, 20, 27, 15]:5.0]
24-16-[[24, 36, 16]:2.0, [24, 37, 28, 16]:3.0, [24, 36, 13, 28, 16]:4.0, [24, 37, 28, 0, 16]:4.0]
24-17-[[24, 35, 30, 18, 25, 17]:5.0, [24, 35, 30, 26, 25, 17]:5.0, [24, 35, 9, 22, 23, 17]:5.0, [24, 6, 9, 22, 23, 17]:5.0]
24-18-[[24, 35, 30, 18]:3.0, [24, 35, 30, 26, 18]:4.0, [24, 6, 35, 30, 18]:4.0, [24, 35, 29, 38, 27, 18]:5.0]
24-19-[[24, 36, 16, 19]:3.0, [24, 36, 16, 0, 19]:4.0, [24, 37, 28, 12, 19]:4.0, [24, 36, 5, 10, 19]:4.0]
24-20-[[24, 37, 33, 20]:3.0, [24, 31, 33, 20]:3.0, [24, 37, 33, 38, 20]:4.0, [24, 31, 33, 38, 20]:4.0]
24-21-[[24, 35, 9, 22, 21]:4.0, [24, 6, 9, 22, 21]:4.0, [24, 35, 9, 22, 23, 21]:5.0, [24, 35, 29, 9, 22, 21]:5.0]
24-22-[[24, 35, 9, 22]:3.0, [24, 6, 9, 22]:3.0, [24, 35, 9, 39, 22]:4.0, [24, 6, 9, 39, 22]:4.0]
24-23-[[24, 35, 9, 22, 23]:4.0, [24, 6, 9, 22, 23]:4.0, [24, 35, 9, 22, 21, 23]:5.0, [24, 35, 30, 26, 25, 23]:5.0]
