9,13,4,5,4201
15,8,10,11,4202
12,6,5,3,4203
9,11,9,3,4204
13,12,10,10,4205
3,10,3,4,4206
7,3,9,6,4207
6,4,7,8,4208
14,10,7,2,4209
10,4,2,2,4210
4,11,6,3,4211
2,15,8,2,4212
11,8,2,2,4213
9,6,5,6,4214
5,11,2,5,4215
14,6,6,10,4216
8,6,6,6,4217
13,8,3,11,4218
5,14,7,11,4219
12,3,6,4,4220
13,11,8,2,4221
3,10,3,3,4222
2,3,4,10,4223
11,5,4,2,4224
4,7,10,7,4225
2,6,6,7,4226
5,4,7,5,4227
3,4,8,4,4228
14,6,2,4,4229
7,6,6,7,4230
4,2,10,7,4231
1,11,7,7,4232
1,4,2,2,4233
11,3,4,5,4234
11,10,4,4,4235
9,10,3,5,4236
14,13,5,5,4237
14,10,9,2,4238
8,11,3,4,4239
8,2,10,3,4240
6,4,6,11,4241
1,3,7,10,4242
5,7,5,9,4243
1,5,6,5,4244
11,13,10,11,4245
12,5,3,7,4246
13,8,10,9,4247
1,7,8,7,4248
9,6,5,5,4249
7,4,3,10,4250
7,11,8,3,4151
15,9,3,8,4152
13,10,8,7,4153
13,1,2,11,4154
1,4,4,11,4155
7,3,10,2,4156
11,9,6,11,4157
1,4,4,7,4158
10,12,10,9,4159
8,4,8,11,4160
