2,10,6,4,4693
9,1,8,2,4694
2,3,3,4,4695
7,8,2,3,4696
8,4,2,2,4697
14,8,3,5,4698
3,10,9,5,4699
10,15,8,3,4700
15,2,5,3,4701
15,1,7,3,4702
8,12,3,3,4703
9,5,6,4,4704
14,2,7,4,4705
11,13,2,2,4706
2,10,2,4,4707
6,13,8,2,4708
11,13,2,2,4709
6,14,2,3,4710
11,3,8,5,4711
5,14,3,4,4712
12,5,9,2,4713
15,2,7,5,4714
5,3,10,3,4715
3,2,5,2,4716
15,14,10,4,4717
15,6,5,2,4718
2,15,10,2,4719
5,1,3,3,4720
13,4,3,3,4721
7,12,8,5,4722
7,2,9,3,4723
14,5,5,4,4724
4,13,4,4,4725
11,9,6,5,4726
1,4,8,4,4727
9,10,9,5,4728
3,13,2,3,4729
3,13,9,4,4730
11,3,4,4,4731
11,8,5,5,4732
15,8,6,4,4733
3,8,3,4,4734
7,3,2,2,4735
12,3,5,5,4736
2,15,5,2,4737
1,2,9,5,4738
13,11,4,2,4739
3,9,7,3,4740
15,9,9,3,4741
2,4,8,5,4742
7,12,6,5,4743
15,13,4,4,4642
12,11,10,4,4643
13,15,7,4,4644
4,1,5,2,4645
15,3,3,3,4646
9,12,2,4,4647
2,8,7,4,4648
2,13,10,3,4649
6,15,4,5,4650
12,7,4,4,4651
