12,3,10,2,2449
3,12,6,4,2450
9,1,5,4,2451
15,12,4,2,2452
10,6,10,4,2453
5,8,10,4,2454
15,7,2,5,2455
6,12,8,4,2456
15,7,2,5,2457
13,1,2,4,2458
3,5,10,4,2459
13,1,3,4,2460
6,13,7,5,2461
3,12,7,5,2462
10,2,8,5,2463
4,1,6,4,2464
4,9,3,2,2465
10,3,2,4,2466
9,7,9,5,2467
10,3,2,5,2468
4,8,7,2,2469
3,10,3,3,2470
11,13,8,5,2471
9,14,5,4,2472
1,12,5,4,2473
11,14,2,4,2474
1,15,4,5,2475
6,9,6,2,2476
8,6,2,2,2477
9,5,8,5,2478
6,1,4,2,2479
13,14,8,4,2480
14,13,7,3,2481
12,3,2,3,2482
12,2,4,2,2483
5,14,5,3,2484
9,10,4,4,2485
5,12,10,2,2486
1,13,9,2,2487
7,1,10,5,2488
2,10,6,2,2489
12,8,10,2,2490
7,2,2,3,2491
10,7,7,3,2492
13,7,7,5,2493
1,2,6,5,2494
11,15,6,3,2495
11,9,3,3,2496
2,1,10,2,2497
7,15,4,4,2498
5,3,10,2,2499
12,3,8,2,2398
3,11,6,2,2399
1,4,8,2,2400
8,3,8,2,2401
15,6,4,4,2402
5,4,3,3,2403
8,10,9,3,2404
15,12,7,2,2405
14,5,7,4,2406
1,14,10,4,2407
