2,10,8,9,3151
14,8,5,3,3152
6,7,2,9,3153
6,3,9,2,3154
8,11,9,10,3155
15,14,5,10,3156
3,15,4,10,3157
3,11,7,5,3158
14,13,4,3,3159
9,6,10,5,3160
1,8,6,9,3161
9,6,7,11,3162
9,6,2,11,3163
7,13,9,6,3164
15,3,3,11,3165
3,12,7,6,3166
2,5,9,2,3167
14,2,5,9,3168
5,15,10,8,3169
13,3,2,4,3170
12,9,2,5,3171
4,9,4,11,3172
2,3,4,2,3173
7,13,3,10,3174
12,13,6,11,3175
4,6,3,9,3176
14,12,4,2,3177
11,8,8,4,3178
11,12,2,9,3179
4,8,10,5,3180
10,6,4,2,3181
13,15,8,6,3182
7,1,5,9,3183
7,10,7,9,3184
4,11,2,2,3185
13,9,9,2,3186
11,8,7,9,3187
2,10,7,4,3188
7,14,10,2,3189
7,8,7,5,3190
13,6,8,7,3191
5,3,2,2,3192
2,8,10,3,3193
1,10,6,4,3194
9,6,3,9,3195
11,9,4,4,3196
7,5,6,8,3197
2,6,6,2,3198
11,2,8,2,3199
11,2,7,5,3200
3,7,7,6,3101
3,10,9,8,3102
7,11,7,6,3103
12,8,10,9,3104
10,13,5,3,3105
12,3,5,3,3106
13,10,3,2,3107
15,12,9,9,3108
4,15,8,11,3109
2,11,10,8,3110
