11,6,10,8,1351
15,1,5,7,1352
6,13,6,6,1353
7,12,10,11,1354
15,11,8,6,1355
14,10,8,2,1356
7,8,9,10,1357
2,6,2,5,1358
6,15,10,10,1359
14,4,2,10,1360
4,14,8,3,1361
15,14,6,5,1362
12,4,6,8,1363
10,12,5,3,1364
15,10,4,2,1365
13,1,2,2,1366
14,8,9,10,1367
15,9,2,6,1368
13,8,5,10,1369
15,3,7,9,1370
15,9,9,7,1371
4,8,10,8,1372
14,13,9,2,1373
8,4,10,7,1374
15,14,8,3,1375
5,12,3,3,1376
5,14,5,9,1377
10,7,8,10,1378
1,6,10,7,1379
4,2,3,2,1380
14,12,10,11,1381
13,10,9,5,1382
6,11,2,4,1383
3,10,10,8,1384
9,8,9,8,1385
14,12,9,8,1386
9,14,7,8,1387
7,14,5,5,1388
10,12,5,4,1389
1,15,5,4,1390
14,10,7,4,1391
8,11,7,2,1392
4,5,3,7,1393
12,11,3,7,1394
15,11,10,7,1395
5,14,8,9,1396
1,12,2,10,1397
12,15,10,6,1398
7,14,5,10,1399
1,10,4,11,1400
1,10,6,3,1301
8,2,8,4,1302
2,3,4,9,1303
14,12,2,2,1304
5,2,3,10,1305
10,9,5,9,1306
6,7,7,2,1307
15,6,8,4,1308
15,13,4,8,1309
8,13,6,10,1310
