8,10,3,10,4001
4,3,8,10,4002
1,9,7,4,4003
15,8,8,9,4004
1,12,5,10,4005
8,1,4,9,4006
5,11,8,10,4007
2,15,4,8,4008
15,14,2,11,4009
12,6,5,5,4010
10,11,2,11,4011
8,6,7,7,4012
13,6,3,9,4013
2,1,2,11,4014
7,10,7,9,4015
5,14,7,2,4016
15,9,10,5,4017
7,11,4,8,4018
7,6,5,3,4019
6,13,8,3,4020
13,5,3,7,4021
12,5,6,2,4022
11,9,10,4,4023
2,6,8,9,4024
11,2,7,11,4025
14,4,2,5,4026
11,1,9,8,4027
1,5,6,3,4028
14,4,4,6,4029
4,5,4,3,4030
6,1,4,6,4031
11,13,7,2,4032
11,2,6,11,4033
10,1,10,7,4034
6,7,10,2,4035
13,8,4,2,4036
12,1,10,2,4037
12,1,6,3,4038
10,5,7,4,4039
13,12,3,6,4040
10,13,10,3,4041
9,6,4,2,4042
10,1,7,5,4043
14,8,5,3,4044
8,11,6,10,4045
5,14,3,9,4046
8,9,9,7,4047
3,2,9,4,4048
9,6,10,8,4049
15,9,5,4,4050
7,6,3,6,3951
15,8,9,3,3952
11,5,2,7,3953
5,7,6,10,3954
13,11,3,4,3955
8,3,10,8,3956
3,11,5,11,3957
12,9,4,7,3958
14,1,3,8,3959
3,14,7,3,3960
