2,11,7,5,4183
9,1,8,4,4184
11,15,5,3,4185
10,4,6,2,4186
12,1,3,3,4187
15,2,3,4,4188
2,15,6,3,4189
12,11,7,4,4190
12,14,5,2,4191
9,13,7,3,4192
14,6,2,2,4193
5,10,2,2,4194
13,1,5,5,4195
8,15,2,2,4196
4,3,9,4,4197
3,11,6,5,4198
8,12,2,4,4199
3,12,10,3,4200
1,2,9,5,4201
7,3,6,3,4202
2,4,7,4,4203
7,12,3,3,4204
12,7,3,5,4205
6,4,3,5,4206
7,11,2,3,4207
15,14,7,5,4208
15,8,6,4,4209
7,5,2,2,4210
8,6,2,3,4211
15,14,8,3,4212
8,14,3,3,4213
12,5,9,3,4214
9,15,7,3,4215
5,6,5,4,4216
8,4,4,3,4217
7,13,8,4,4218
10,1,10,4,4219
14,1,8,3,4220
4,6,3,5,4221
15,5,8,3,4222
3,14,5,3,4223
8,4,3,3,4224
11,15,6,5,4225
14,1,6,2,4226
2,8,2,3,4227
9,5,2,5,4228
15,5,9,2,4229
4,11,2,3,4230
15,5,9,3,4231
5,13,7,4,4232
10,11,10,4,4233
4,5,7,3,4132
2,3,7,5,4133
7,12,2,4,4134
11,4,10,3,4135
11,15,8,5,4136
11,6,2,5,4137
1,14,4,5,4138
9,11,10,5,4139
10,12,7,2,4140
13,15,9,2,4141
