2,6,2,8,3801
14,15,7,9,3802
7,8,7,3,3803
6,9,10,6,3804
13,7,9,3,3805
6,7,3,4,3806
2,8,6,6,3807
5,4,2,11,3808
7,9,3,6,3809
10,15,9,5,3810
2,13,5,3,3811
4,8,2,10,3812
7,4,3,5,3813
7,9,10,3,3814
3,1,6,10,3815
4,3,6,9,3816
11,5,2,6,3817
12,3,6,10,3818
10,7,6,2,3819
7,11,3,2,3820
10,12,5,3,3821
7,10,10,10,3822
3,14,8,6,3823
2,7,8,9,3824
2,12,3,6,3825
10,6,10,7,3826
9,1,7,11,3827
14,7,2,4,3828
8,10,3,6,3829
7,8,7,5,3830
12,10,5,6,3831
14,11,6,8,3832
8,9,5,2,3833
2,12,8,11,3834
11,15,7,8,3835
13,7,3,9,3836
7,2,10,6,3837
9,1,10,8,3838
7,14,6,3,3839
7,12,2,6,3840
3,9,9,8,3841
11,5,3,6,3842
11,6,10,3,3843
1,13,3,11,3844
10,2,8,9,3845
10,7,10,8,3846
8,3,10,2,3847
3,5,6,2,3848
1,7,4,5,3849
2,10,9,2,3850
12,14,7,2,3751
8,13,4,10,3752
7,4,8,7,3753
4,7,2,4,3754
12,11,5,7,3755
13,9,8,2,3756
15,13,3,9,3757
10,9,6,3,3758
14,10,6,7,3759
5,12,10,4,3760
