15,7,6,2,3979
6,15,3,5,3980
3,13,6,3,3981
2,11,10,5,3982
5,7,10,5,3983
11,4,10,5,3984
14,1,8,2,3985
15,13,5,4,3986
13,3,9,2,3987
12,11,9,3,3988
15,8,9,3,3989
11,15,7,2,3990
10,1,3,3,3991
15,4,7,5,3992
12,11,5,3,3993
9,14,5,5,3994
15,11,10,5,3995
2,15,2,3,3996
2,4,2,3,3997
5,10,9,4,3998
4,5,2,5,3999
6,7,3,3,4000
8,5,2,4,4001
3,6,9,2,4002
15,4,6,4,4003
11,15,10,5,4004
2,1,2,4,4005
2,11,10,3,4006
7,8,2,5,4007
3,6,8,3,4008
9,10,8,3,4009
7,1,7,4,4010
4,7,8,5,4011
13,10,5,3,4012
4,7,8,4,4013
11,3,2,4,4014
13,7,10,4,4015
7,10,7,4,4016
10,7,2,2,4017
12,8,2,4,4018
15,1,10,2,4019
8,13,6,3,4020
1,15,4,2,4021
13,11,6,5,4022
1,3,10,4,4023
15,10,2,4,4024
2,14,8,5,4025
9,11,7,5,4026
8,13,8,4,4027
15,4,3,3,4028
3,14,10,5,4029
10,4,6,3,3928
15,2,2,4,3929
4,9,10,3,3930
8,11,8,2,3931
2,9,10,3,3932
1,7,9,4,3933
4,5,5,5,3934
15,14,2,4,3935
12,10,2,4,3936
5,10,5,2,3937
