10,5,10,10,3251
11,14,9,10,3252
10,2,7,6,3253
14,1,2,7,3254
10,4,4,5,3255
1,2,8,6,3256
7,15,10,5,3257
7,13,8,2,3258
14,15,7,10,3259
9,4,2,4,3260
9,11,10,11,3261
1,10,9,6,3262
1,15,2,4,3263
8,6,4,2,3264
10,4,2,5,3265
10,11,3,10,3266
10,2,6,2,3267
7,8,9,9,3268
11,1,2,9,3269
11,15,3,2,3270
4,3,3,9,3271
10,14,8,10,3272
4,14,3,8,3273
2,1,2,10,3274
5,8,3,8,3275
11,2,3,7,3276
8,13,3,7,3277
2,9,10,3,3278
14,5,6,3,3279
10,8,6,2,3280
7,3,7,10,3281
6,8,7,10,3282
2,5,2,10,3283
6,5,4,11,3284
10,3,2,4,3285
7,11,6,9,3286
7,15,7,10,3287
11,12,4,3,3288
7,3,10,5,3289
4,10,9,7,3290
9,3,5,6,3291
8,9,2,5,3292
13,15,2,3,3293
11,10,10,9,3294
10,4,9,9,3295
11,2,4,3,3296
4,15,4,9,3297
6,12,8,5,3298
12,1,6,2,3299
14,7,9,2,3300
12,2,10,7,3201
11,7,2,7,3202
11,13,9,10,3203
4,10,4,3,3204
2,9,10,10,3205
7,12,7,11,3206
6,14,7,11,3207
3,7,2,2,3208
6,1,9,6,3209
4,12,8,5,3210
