3,14,3,11,151
13,6,8,7,152
7,5,9,10,153
14,13,2,8,154
7,13,5,7,155
14,2,6,11,156
3,14,6,2,157
5,15,7,7,158
1,3,8,2,159
14,8,4,6,160
1,15,8,3,161
5,10,4,3,162
2,10,2,6,163
8,7,3,2,164
3,14,9,10,165
14,1,8,4,166
6,5,7,10,167
5,9,4,5,168
13,7,8,9,169
6,8,5,3,170
15,5,6,2,171
3,5,6,7,172
14,9,7,3,173
11,7,7,11,174
8,14,9,4,175
6,10,7,8,176
3,12,7,4,177
13,9,9,10,178
7,6,7,6,179
14,6,6,4,180
1,13,6,3,181
10,1,7,11,182
11,14,10,10,183
12,1,3,10,184
13,10,9,7,185
8,1,4,3,186
10,14,4,5,187
1,6,4,8,188
14,3,6,8,189
11,7,7,6,190
8,11,4,7,191
9,10,10,9,192
4,9,10,6,193
9,4,4,3,194
15,8,4,8,195
7,15,3,3,196
9,6,5,10,197
14,4,2,8,198
15,8,4,4,199
8,5,5,6,200
11,13,10,2,101
1,10,8,10,102
13,4,2,9,103
9,4,8,10,104
2,9,10,7,105
14,15,4,3,106
4,11,2,7,107
7,3,3,5,108
8,9,4,9,109
15,7,7,11,110
