13,9,5,6,3501
7,6,10,8,3502
4,2,7,2,3503
11,3,7,3,3504
4,9,8,4,3505
15,4,8,5,3506
6,13,7,11,3507
5,12,9,10,3508
13,15,6,5,3509
4,11,8,10,3510
10,12,5,8,3511
15,10,6,5,3512
8,6,2,10,3513
13,7,3,3,3514
13,4,3,5,3515
11,3,4,3,3516
12,10,5,9,3517
2,15,8,4,3518
10,15,8,9,3519
10,8,8,8,3520
10,3,9,8,3521
11,3,7,5,3522
15,7,7,6,3523
7,2,8,11,3524
9,13,2,4,3525
9,6,8,5,3526
4,15,2,10,3527
10,7,6,5,3528
1,14,9,11,3529
3,2,9,10,3530
10,5,8,3,3531
7,1,6,7,3532
13,11,5,4,3533
2,8,5,4,3534
11,13,10,11,3535
9,6,3,11,3536
13,5,7,10,3537
2,13,3,11,3538
7,8,8,5,3539
9,10,9,2,3540
11,15,6,4,3541
11,15,2,9,3542
15,9,7,7,3543
9,7,5,3,3544
14,10,2,11,3545
12,11,10,9,3546
5,10,5,11,3547
9,12,8,11,3548
3,11,8,8,3549
11,7,2,7,3550
10,11,10,5,3451
5,12,5,11,3452
2,15,3,9,3453
12,11,3,9,3454
1,12,6,7,3455
5,7,10,10,3456
4,5,3,7,3457
1,5,8,4,3458
13,11,9,11,3459
12,14,9,8,3460
