13,1,10,4,1851
12,6,8,7,1852
9,15,7,2,1853
12,1,5,6,1854
1,3,3,11,1855
3,8,2,3,1856
11,2,9,11,1857
12,10,2,6,1858
7,6,4,3,1859
7,5,8,6,1860
6,4,7,7,1861
13,2,9,6,1862
10,2,4,11,1863
4,15,6,8,1864
12,8,7,5,1865
13,1,10,4,1866
1,8,3,8,1867
12,15,8,2,1868
9,12,6,5,1869
7,14,6,4,1870
8,2,8,10,1871
4,6,9,4,1872
10,1,4,3,1873
9,7,5,11,1874
13,3,10,6,1875
4,11,3,8,1876
5,6,6,6,1877
11,14,10,3,1878
6,4,3,11,1879
4,3,3,2,1880
8,6,2,6,1881
13,8,9,10,1882
6,3,4,4,1883
7,9,2,10,1884
7,11,4,6,1885
13,14,2,5,1886
14,8,10,2,1887
3,13,6,4,1888
9,1,5,7,1889
2,14,7,5,1890
13,6,9,7,1891
5,13,2,6,1892
9,5,2,3,1893
9,7,6,10,1894
15,10,2,7,1895
15,11,6,4,1896
7,4,8,6,1897
2,11,5,2,1898
11,3,8,2,1899
5,3,3,7,1900
10,9,10,2,1801
12,1,3,3,1802
1,3,7,10,1803
3,10,5,3,1804
11,1,2,7,1805
2,13,10,6,1806
15,6,9,3,1807
13,1,6,3,1808
13,5,4,7,1809
12,1,9,11,1810
