2,10,2,2,2041
15,11,4,4,2042
11,1,2,5,2043
15,10,10,3,2044
14,15,10,2,2045
6,9,4,4,2046
3,8,9,3,2047
13,3,8,3,2048
8,3,4,3,2049
13,11,4,5,2050
10,6,9,5,2051
5,11,3,4,2052
3,15,4,2,2053
8,7,4,5,2054
8,6,2,5,2055
5,8,7,3,2056
7,12,7,3,2057
11,14,6,4,2058
3,14,5,4,2059
8,7,4,4,2060
1,15,3,4,2061
5,9,10,2,2062
1,13,10,3,2063
15,5,4,2,2064
14,13,10,5,2065
4,2,4,4,2066
3,13,2,4,2067
3,13,4,3,2068
12,6,4,4,2069
2,7,9,2,2070
14,1,2,3,2071
12,6,9,2,2072
13,8,6,5,2073
6,15,2,3,2074
12,2,6,4,2075
3,6,9,3,2076
5,7,7,3,2077
4,7,6,5,2078
10,7,9,4,2079
12,1,3,3,2080
4,3,10,5,2081
8,10,8,4,2082
3,8,9,3,2083
11,10,5,5,2084
15,3,2,5,2085
13,8,6,5,2086
3,6,8,4,2087
15,14,2,2,2088
3,6,8,2,2089
8,3,6,5,2090
15,12,7,3,2091
9,7,2,3,1990
4,9,2,2,1991
4,12,2,2,1992
4,2,6,3,1993
14,10,3,4,1994
8,5,10,5,1995
2,9,3,3,1996
8,7,3,5,1997
1,9,10,5,1998
13,11,7,3,1999
