8,4,8,2,1786
9,6,4,2,1787
13,11,6,3,1788
5,2,6,4,1789
3,15,5,4,1790
3,12,6,4,1791
3,15,10,5,1792
3,6,10,4,1793
12,6,5,4,1794
15,2,5,3,1795
10,12,7,5,1796
12,5,3,4,1797
4,7,10,5,1798
6,1,6,3,1799
6,7,7,3,1800
1,3,2,3,1801
5,12,3,3,1802
11,14,7,2,1803
14,15,9,3,1804
13,15,8,3,1805
5,1,2,5,1806
3,5,9,2,1807
15,14,6,4,1808
6,5,4,4,1809
6,3,7,3,1810
7,14,4,4,1811
14,12,5,5,1812
8,15,6,5,1813
14,10,3,5,1814
2,8,10,3,1815
11,15,3,3,1816
13,4,7,2,1817
4,1,3,2,1818
6,8,4,4,1819
7,11,10,2,1820
1,14,4,2,1821
13,12,9,4,1822
8,4,6,4,1823
3,7,7,3,1824
3,8,9,4,1825
13,14,10,2,1826
6,7,7,5,1827
3,12,3,4,1828
4,13,10,4,1829
11,15,9,3,1830
3,7,8,5,1831
12,9,3,5,1832
2,12,6,4,1833
1,12,10,5,1834
1,12,9,3,1835
6,7,10,3,1836
4,9,3,5,1735
14,2,7,3,1736
9,13,3,5,1737
11,3,3,4,1738
6,3,4,4,1739
5,1,7,4,1740
15,4,5,5,1741
9,15,8,2,1742
6,7,5,4,1743
7,15,8,2,1744
