5,10,10,2,951
4,12,3,11,952
5,11,4,4,953
1,2,8,10,954
6,3,3,4,955
7,12,5,8,956
4,14,9,6,957
9,1,2,2,958
5,4,5,7,959
4,3,10,10,960
14,1,7,6,961
9,13,5,8,962
2,5,9,2,963
14,11,5,9,964
9,4,3,3,965
11,5,2,4,966
12,15,4,11,967
1,4,7,3,968
7,5,6,11,969
2,10,7,2,970
8,10,8,8,971
11,9,7,4,972
6,4,9,2,973
9,5,5,2,974
7,4,8,4,975
3,5,5,3,976
14,15,9,7,977
11,4,2,4,978
9,3,10,3,979
13,4,5,5,980
9,13,7,5,981
3,2,4,10,982
11,12,9,2,983
3,13,10,10,984
10,8,10,5,985
14,13,5,4,986
8,3,4,2,987
12,9,10,10,988
6,4,9,9,989
13,12,3,10,990
10,4,4,3,991
3,4,7,11,992
2,11,8,9,993
1,3,8,9,994
14,15,9,8,995
1,9,7,3,996
8,3,7,9,997
14,6,2,8,998
9,8,10,6,999
13,9,9,6,1000
1,7,10,4,901
10,6,7,3,902
5,2,6,5,903
8,4,6,6,904
6,4,4,5,905
9,2,3,2,906
14,3,3,4,907
4,6,3,8,908
3,7,2,7,909
14,2,3,6,910
