9,15,2,2,2704
13,15,5,3,2705
8,13,6,5,2706
12,8,9,5,2707
15,4,10,2,2708
6,3,4,5,2709
12,13,4,2,2710
12,7,6,3,2711
1,7,4,4,2712
4,3,2,3,2713
10,2,7,5,2714
9,7,2,4,2715
9,13,9,3,2716
6,3,5,2,2717
6,9,3,3,2718
13,2,3,2,2719
15,1,7,2,2720
7,15,2,2,2721
13,8,9,4,2722
11,3,5,5,2723
11,7,9,4,2724
15,2,5,2,2725
1,3,8,4,2726
14,10,10,2,2727
14,3,6,4,2728
5,2,5,2,2729
2,4,4,2,2730
15,14,9,4,2731
10,13,5,5,2732
12,9,3,4,2733
4,5,10,5,2734
2,1,8,3,2735
9,10,3,3,2736
7,13,4,2,2737
3,8,9,4,2738
10,7,6,4,2739
11,3,2,4,2740
1,8,2,3,2741
5,3,2,2,2742
15,12,2,3,2743
6,10,4,3,2744
2,3,4,4,2745
5,2,3,4,2746
11,2,4,2,2747
13,1,8,2,2748
9,13,9,4,2749
5,1,3,2,2750
13,4,7,4,2751
8,4,9,5,2752
4,12,8,3,2753
7,9,7,2,2754
5,2,7,2,2653
9,13,7,3,2654
6,7,5,4,2655
2,1,6,4,2656
1,3,10,5,2657
4,11,9,3,2658
5,6,9,2,2659
11,4,10,3,2660
11,13,5,2,2661
14,1,9,2,2662
