10,12,7,4,4501
9,8,9,8,4502
12,14,5,10,4503
9,2,7,3,4504
15,4,5,11,4505
7,3,6,6,4506
9,8,6,9,4507
1,15,2,10,4508
7,8,6,7,4509
9,6,4,5,4510
4,7,7,8,4511
11,4,2,5,4512
13,2,6,10,4513
5,11,8,6,4514
13,11,9,3,4515
9,8,8,3,4516
15,11,10,7,4517
2,6,8,6,4518
1,2,8,4,4519
9,7,5,6,4520
5,10,9,7,4521
1,11,2,4,4522
4,12,9,10,4523
5,3,3,9,4524
4,12,3,9,4525
6,3,5,10,4526
9,13,6,10,4527
14,10,8,11,4528
11,12,8,11,4529
7,6,5,3,4530
15,14,4,9,4531
7,12,2,2,4532
9,15,8,3,4533
8,9,2,10,4534
7,10,9,7,4535
5,6,9,8,4536
9,14,5,5,4537
9,1,9,9,4538
10,13,9,8,4539
7,13,4,10,4540
9,5,2,11,4541
9,1,3,8,4542
1,12,5,10,4543
4,5,8,5,4544
7,13,9,11,4545
11,7,8,5,4546
15,9,4,6,4547
5,4,8,8,4548
7,2,10,6,4549
11,12,9,6,4550
2,3,9,4,4451
4,10,10,7,4452
11,13,8,10,4453
13,12,4,9,4454
14,12,7,6,4455
14,11,7,7,4456
4,12,8,11,4457
6,3,8,3,4458
11,12,10,10,4459
2,8,3,2,4460
