8,13,6,8,3851
10,13,9,7,3852
10,9,2,6,3853
8,5,3,8,3854
1,6,3,6,3855
15,3,5,5,3856
7,12,9,6,3857
14,13,5,8,3858
2,12,7,6,3859
13,7,10,10,3860
15,11,9,11,3861
5,11,2,2,3862
1,3,8,10,3863
13,3,2,8,3864
14,2,7,4,3865
2,7,6,4,3866
8,11,9,4,3867
1,11,8,10,3868
10,8,4,9,3869
10,6,2,3,3870
5,6,9,5,3871
9,11,2,3,3872
10,8,9,8,3873
10,11,2,10,3874
10,11,7,9,3875
5,15,9,6,3876
11,14,9,4,3877
1,13,7,4,3878
10,6,8,7,3879
7,13,5,10,3880
14,12,7,11,3881
5,7,5,11,3882
4,13,9,9,3883
8,15,8,7,3884
4,1,3,10,3885
11,6,5,9,3886
12,4,8,9,3887
1,13,8,9,3888
10,6,2,11,3889
4,7,3,7,3890
13,10,3,8,3891
6,7,5,6,3892
2,7,2,10,3893
5,11,9,10,3894
10,7,3,11,3895
6,1,3,9,3896
8,15,5,6,3897
8,6,3,6,3898
6,9,8,10,3899
14,8,9,3,3900
2,6,9,8,3801
14,15,8,9,3802
7,8,8,3,3803
6,9,3,6,3804
13,7,10,3,3805
6,7,9,4,3806
2,8,9,6,3807
5,4,3,11,3808
7,9,10,6,3809
10,15,10,5,3810
