7,13,7,5,1837
10,6,5,3,1838
15,5,4,4,1839
9,12,6,5,1840
11,3,10,2,1841
10,7,4,3,1842
9,5,10,4,1843
8,4,8,5,1844
2,10,6,5,1845
3,12,3,2,1846
7,14,5,2,1847
10,12,8,3,1848
12,10,2,2,1849
9,1,4,5,1850
15,10,10,2,1851
5,1,5,3,1852
9,8,9,5,1853
5,9,2,2,1854
4,1,5,3,1855
10,11,6,4,1856
10,7,2,4,1857
3,11,7,5,1858
9,3,9,2,1859
10,14,4,3,1860
10,4,9,2,1861
14,5,2,4,1862
12,3,6,4,1863
12,11,5,2,1864
12,11,10,4,1865
5,10,9,3,1866
7,1,3,2,1867
10,2,8,2,1868
2,5,4,3,1869
14,10,2,4,1870
14,11,9,4,1871
1,8,10,3,1872
10,9,2,2,1873
7,2,10,3,1874
1,2,4,2,1875
1,8,7,5,1876
5,12,4,2,1877
14,6,3,2,1878
13,12,3,5,1879
2,9,3,4,1880
9,15,8,2,1881
9,15,8,5,1882
10,14,4,3,1883
13,8,6,4,1884
1,10,2,2,1885
2,7,8,4,1886
9,4,7,5,1887
8,4,7,2,1786
9,6,6,2,1787
13,11,7,3,1788
5,2,7,4,1789
3,15,7,4,1790
3,12,10,4,1791
3,15,9,5,1792
3,6,7,4,1793
12,6,10,4,1794
15,2,3,3,1795
