11,5,2,11,2951
6,12,2,9,2952
9,14,3,2,2953
6,2,9,5,2954
10,1,4,11,2955
10,2,8,3,2956
11,5,4,5,2957
5,8,8,4,2958
7,1,10,11,2959
15,1,2,10,2960
12,6,2,2,2961
4,8,5,9,2962
5,15,2,3,2963
13,2,5,2,2964
3,10,5,11,2965
2,12,8,8,2966
3,6,5,9,2967
11,3,3,5,2968
5,4,8,5,2969
6,12,2,9,2970
8,3,5,8,2971
3,13,9,8,2972
4,14,3,6,2973
10,5,6,4,2974
12,15,10,6,2975
13,2,8,7,2976
12,13,7,11,2977
15,5,4,5,2978
7,10,4,2,2979
7,6,10,4,2980
3,5,10,6,2981
14,4,9,11,2982
13,4,5,7,2983
13,10,8,9,2984
2,10,7,3,2985
2,11,7,6,2986
13,12,5,10,2987
8,1,9,9,2988
5,15,3,6,2989
7,10,5,2,2990
3,11,6,10,2991
9,4,8,7,2992
4,5,8,7,2993
1,11,4,4,2994
9,4,4,4,2995
13,8,4,10,2996
5,14,7,6,2997
4,7,6,8,2998
6,5,6,10,2999
9,13,4,11,3000
5,11,4,8,2901
9,8,4,10,2902
7,10,10,4,2903
6,10,4,3,2904
1,15,3,9,2905
3,4,9,4,2906
15,3,2,2,2907
1,3,3,8,2908
13,6,10,8,2909
3,15,9,6,2910
