10,9,2,6,1401
5,13,4,8,1402
8,14,2,10,1403
11,6,2,2,1404
9,7,9,9,1405
2,4,7,7,1406
2,6,5,2,1407
15,4,9,9,1408
6,14,8,9,1409
7,15,7,7,1410
14,10,6,6,1411
14,9,7,10,1412
14,9,2,6,1413
14,9,3,6,1414
8,6,5,3,1415
1,2,4,6,1416
13,2,7,11,1417
11,12,5,2,1418
12,3,5,10,1419
1,11,2,9,1420
2,3,7,2,1421
9,13,2,10,1422
13,11,10,7,1423
11,14,3,6,1424
8,15,5,10,1425
14,13,3,4,1426
13,2,5,8,1427
15,10,2,11,1428
13,12,9,8,1429
13,14,5,6,1430
3,4,4,10,1431
9,4,3,11,1432
14,11,8,9,1433
6,13,2,9,1434
3,2,7,8,1435
11,7,6,4,1436
12,7,8,9,1437
13,12,8,5,1438
3,10,7,7,1439
11,5,5,2,1440
11,15,9,7,1441
8,10,7,2,1442
12,4,6,6,1443
5,14,8,9,1444
2,5,8,2,1445
3,13,8,5,1446
8,9,4,5,1447
2,10,5,9,1448
3,4,10,2,1449
4,10,3,6,1450
11,6,9,8,1351
15,1,6,7,1352
6,13,2,6,1353
7,12,9,11,1354
15,11,4,6,1355
14,10,6,2,1356
7,8,3,10,1357
2,6,5,5,1358
6,15,2,10,1359
14,4,10,10,1360
