4,7,9,4,401
5,11,5,10,402
10,7,2,4,403
8,2,10,4,404
5,1,7,11,405
8,15,3,8,406
4,7,5,7,407
5,10,2,10,408
13,8,10,2,409
8,11,3,9,410
7,15,9,10,411
4,5,6,11,412
7,12,3,4,413
3,13,9,7,414
2,11,9,7,415
7,2,5,6,416
6,7,8,2,417
6,7,2,11,418
10,12,10,11,419
5,1,2,4,420
8,1,6,11,421
9,7,7,6,422
9,2,10,8,423
12,5,4,4,424
14,2,9,5,425
13,12,2,4,426
6,2,6,9,427
6,13,4,7,428
4,13,9,2,429
8,7,5,3,430
4,14,6,7,431
1,4,7,4,432
15,14,8,11,433
9,14,8,7,434
10,6,5,2,435
1,15,3,9,436
6,15,4,10,437
1,2,3,10,438
6,7,10,2,439
11,7,4,8,440
3,13,9,2,441
14,8,4,8,442
12,13,4,10,443
6,7,5,5,444
5,7,9,11,445
4,11,4,3,446
8,1,8,3,447
7,5,9,6,448
9,15,2,2,449
15,8,8,6,450
12,7,3,9,351
3,6,2,5,352
14,15,2,2,353
3,6,2,6,354
1,2,2,3,355
1,7,3,6,356
2,8,6,9,357
14,15,8,10,358
6,5,4,5,359
8,12,5,4,360
