15,6,10,11,4751
13,2,2,6,4752
5,12,8,6,4753
15,9,5,6,4754
4,6,5,10,4755
8,15,5,7,4756
1,12,5,6,4757
10,3,5,4,4758
4,3,4,10,4759
12,5,3,9,4760
5,11,4,3,4761
9,7,4,11,4762
7,5,3,5,4763
2,12,3,9,4764
6,12,3,2,4765
13,1,7,7,4766
5,11,7,2,4767
8,12,4,4,4768
6,9,2,8,4769
9,6,8,10,4770
11,8,6,9,4771
11,8,7,4,4772
4,11,7,10,4773
13,6,5,10,4774
6,5,6,2,4775
1,8,8,9,4776
10,11,7,4,4777
4,7,4,11,4778
9,12,7,10,4779
5,8,9,10,4780
7,4,4,10,4781
13,15,3,5,4782
12,15,3,8,4783
10,11,2,9,4784
12,14,7,4,4785
8,5,4,6,4786
8,3,4,5,4787
10,3,8,11,4788
3,1,7,5,4789
5,4,9,2,4790
11,8,9,6,4791
6,4,9,6,4792
10,7,4,6,4793
7,12,3,6,4794
13,12,3,2,4795
6,12,8,6,4796
4,14,5,3,4797
7,5,2,11,4798
7,13,4,3,4799
10,15,9,2,4800
14,8,10,11,4701
11,7,5,8,4702
15,10,3,11,4703
2,9,8,2,4704
15,6,10,8,4705
3,11,5,6,4706
6,3,10,9,4707
10,6,5,7,4708
10,7,4,10,4709
13,1,6,9,4710
