8,15,2,7,3701
2,8,4,7,3702
4,2,9,2,3703
3,14,2,9,3704
1,4,2,10,3705
14,8,7,6,3706
14,2,6,3,3707
15,10,8,5,3708
9,3,8,10,3709
1,14,5,11,3710
15,3,2,9,3711
3,6,5,7,3712
1,7,6,4,3713
2,8,2,9,3714
10,5,6,4,3715
3,15,4,11,3716
14,12,2,4,3717
14,13,8,11,3718
11,15,10,10,3719
10,12,10,11,3720
13,8,5,5,3721
8,9,7,2,3722
1,2,2,11,3723
4,7,2,10,3724
14,2,7,9,3725
13,1,10,4,3726
12,7,6,3,3727
10,2,7,11,3728
14,4,5,3,3729
2,7,10,7,3730
10,6,9,10,3731
11,4,7,5,3732
8,15,7,6,3733
6,5,3,10,3734
15,9,7,4,3735
14,7,5,10,3736
11,7,4,5,3737
5,14,8,4,3738
9,5,6,4,3739
7,11,4,9,3740
5,2,4,9,3741
8,9,6,7,3742
4,5,5,10,3743
5,14,7,9,3744
10,15,5,6,3745
13,8,5,5,3746
14,8,6,4,3747
13,5,8,3,3748
13,3,5,4,3749
13,10,7,10,3750
6,11,4,7,3651
5,1,6,4,3652
1,3,4,6,3653
12,2,4,7,3654
15,4,6,11,3655
5,8,9,7,3656
4,9,7,11,3657
7,15,7,11,3658
7,9,7,4,3659
1,14,4,4,3660
