13,6,9,4,4489
11,7,7,5,4490
13,2,3,4,4491
13,7,8,2,4492
6,1,2,4,4493
8,11,10,5,4494
13,4,4,3,4495
4,7,8,5,4496
14,3,10,4,4497
6,10,2,5,4498
4,7,10,4,4499
2,15,7,3,4500
11,14,2,4,4501
9,11,5,3,4502
14,3,3,5,4503
10,9,5,3,4504
13,11,10,4,4505
6,12,6,4,4506
1,14,7,3,4507
13,11,8,4,4508
7,8,4,4,4509
4,9,9,4,4510
14,15,7,2,4511
5,13,9,5,4512
3,7,9,4,4513
6,9,7,4,4514
13,15,10,5,4515
9,15,7,4,4516
6,8,8,3,4517
12,14,3,3,4518
2,11,9,3,4519
9,6,3,3,4520
4,10,9,3,4521
6,8,6,3,4522
4,3,5,4,4523
11,12,5,3,4524
4,12,9,4,4525
12,10,3,2,4526
15,10,7,4,4527
5,3,5,3,4528
10,8,2,5,4529
5,15,4,4,4530
7,5,4,5,4531
4,12,2,5,4532
9,8,10,5,4533
6,5,9,4,4534
15,11,7,4,4535
1,12,2,3,4536
3,14,2,5,4537
7,11,6,4,4538
11,10,2,4,4539
10,11,7,3,4438
11,4,9,5,4439
13,7,9,3,4440
8,11,9,3,4441
8,11,6,5,4442
7,4,9,4,4443
5,7,6,5,4444
2,1,8,4,4445
2,10,10,3,4446
4,14,2,4,4447
