4,12,5,4,1480
5,3,6,5,1481
12,7,3,5,1482
6,5,5,2,1483
4,6,8,4,1484
10,11,6,5,1485
7,6,9,5,1486
11,5,10,5,1487
14,9,8,4,1488
1,6,5,4,1489
3,9,2,4,1490
6,4,2,3,1491
8,2,2,5,1492
1,7,7,5,1493
14,9,9,3,1494
7,13,7,3,1495
5,13,9,3,1496
2,11,9,3,1497
11,3,3,5,1498
4,7,8,5,1499
15,12,6,3,1500
9,1,3,3,1501
4,14,3,3,1502
13,7,7,3,1503
9,10,4,4,1504
15,10,2,5,1505
7,3,2,3,1506
15,4,8,3,1507
12,5,6,5,1508
12,6,8,3,1509
1,9,9,3,1510
12,13,10,3,1511
1,8,7,2,1512
11,6,9,3,1513
4,9,5,3,1514
1,11,6,2,1515
1,6,2,2,1516
13,15,7,5,1517
8,5,3,2,1518
7,8,9,3,1519
3,9,6,3,1520
12,2,3,3,1521
15,2,4,3,1522
4,13,3,2,1523
3,9,9,5,1524
9,1,7,2,1525
3,10,7,4,1526
5,15,3,3,1527
12,2,8,2,1528
1,10,8,4,1529
3,9,8,4,1530
10,4,6,4,1429
12,9,9,3,1430
3,12,9,5,1431
11,8,5,5,1432
14,10,7,4,1433
1,3,8,3,1434
8,3,6,3,1435
12,15,7,2,1436
4,15,5,4,1437
2,4,9,4,1438
