12,14,4,5,3301
8,2,7,3,3302
15,11,10,3,3303
3,2,2,5,3304
12,7,6,6,3305
2,3,3,5,3306
5,1,10,2,3307
7,10,3,3,3308
3,1,5,3,3309
6,14,6,9,3310
10,13,4,10,3311
6,5,9,11,3312
3,11,5,6,3313
15,3,10,4,3314
3,6,8,6,3315
8,3,7,6,3316
6,4,8,8,3317
4,10,9,8,3318
6,9,3,9,3319
4,5,6,7,3320
9,12,7,2,3321
7,10,4,8,3322
7,14,3,9,3323
12,5,2,4,3324
14,11,5,5,3325
7,13,4,9,3326
2,5,3,11,3327
13,14,7,5,3328
15,3,3,7,3329
8,4,7,4,3330
3,13,8,5,3331
6,8,5,6,3332
2,3,7,5,3333
6,13,2,9,3334
4,1,4,10,3335
9,5,5,10,3336
15,7,5,11,3337
1,11,6,6,3338
10,6,5,8,3339
13,3,4,7,3340
6,2,3,3,3341
14,3,5,6,3342
4,9,3,10,3343
13,4,3,2,3344
8,10,8,6,3345
14,1,6,5,3346
11,7,5,4,3347
12,5,2,7,3348
5,2,3,2,3349
6,12,8,4,3350
10,5,8,10,3251
11,14,4,10,3252
10,2,10,6,3253
14,1,10,7,3254
10,4,7,5,3255
1,2,3,6,3256
7,15,9,5,3257
7,13,9,2,3258
14,15,6,10,3259
9,4,9,4,3260
