12,11,8,4,2551
4,14,3,5,2552
15,9,3,2,2553
2,6,5,3,2554
3,5,9,4,2555
12,11,2,4,2556
8,5,2,2,2557
15,2,2,5,2558
3,7,3,4,2559
6,9,9,3,2560
11,10,10,3,2561
2,15,9,4,2562
10,4,4,4,2563
5,10,5,2,2564
13,11,9,2,2565
3,15,3,3,2566
10,4,7,5,2567
3,15,5,5,2568
2,6,4,2,2569
15,4,10,4,2570
10,12,7,4,2571
8,3,9,5,2572
2,3,9,4,2573
8,7,3,5,2574
15,9,6,4,2575
13,12,7,4,2576
15,14,9,2,2577
14,9,7,5,2578
12,11,7,2,2579
7,10,4,2,2580
6,14,6,3,2581
14,6,5,5,2582
14,1,3,4,2583
4,3,2,4,2584
14,12,9,3,2585
5,15,7,2,2586
3,14,4,3,2587
10,4,10,4,2588
8,15,4,5,2589
6,12,7,4,2590
6,7,7,4,2591
6,9,6,3,2592
8,9,6,3,2593
15,3,9,4,2594
13,10,6,4,2595
12,14,9,5,2596
4,10,10,4,2597
14,12,5,3,2598
8,5,10,2,2599
14,7,8,3,2600
15,3,3,2,2601
10,7,2,5,2500
2,3,8,5,2501
2,1,6,2,2502
6,13,8,2,2503
13,15,5,4,2504
13,15,3,4,2505
4,7,5,3,2506
13,8,3,3,2507
10,13,10,2,2508
1,9,2,2,2509
