12,13,2,3,307
8,1,2,2,308
8,1,8,4,309
6,11,9,4,310
13,9,9,5,311
10,5,7,4,312
6,4,2,2,313
11,9,3,4,314
6,15,5,4,315
10,15,6,3,316
11,1,4,5,317
6,15,3,2,318
1,15,6,2,319
5,1,8,4,320
11,14,6,2,321
11,4,6,4,322
8,2,9,5,323
14,9,5,4,324
13,4,9,3,325
13,8,2,5,326
2,10,3,2,327
1,10,3,5,328
5,3,2,3,329
9,2,3,3,330
4,12,4,3,331
13,10,8,3,332
13,7,3,3,333
3,10,9,5,334
3,11,7,2,335
5,6,5,4,336
12,9,2,5,337
5,12,3,2,338
3,4,8,5,339
1,12,10,4,340
8,4,9,3,341
5,7,2,3,342
14,12,4,5,343
6,9,9,5,344
7,8,10,3,345
14,4,5,4,346
12,5,6,3,347
6,9,4,5,348
2,8,2,4,349
14,8,10,3,350
2,12,3,5,351
1,12,7,4,352
6,2,6,2,353
7,1,3,3,354
14,12,7,4,355
12,13,5,4,356
2,5,10,4,357
5,10,9,2,256
12,11,10,2,257
13,11,7,5,258
9,6,8,3,259
15,1,2,3,260
4,10,2,4,261
4,11,2,2,262
4,15,9,5,263
11,8,6,5,264
11,3,9,4,265
