6,2,4,6,1001
15,11,10,8,1002
2,3,9,5,1003
4,2,9,2,1004
3,13,7,7,1005
8,13,3,7,1006
1,4,6,3,1007
14,5,5,6,1008
8,9,5,7,1009
5,15,2,2,1010
5,13,4,11,1011
5,14,3,7,1012
14,11,5,6,1013
1,14,6,4,1014
6,7,4,11,1015
1,8,5,5,1016
4,10,2,2,1017
15,2,9,10,1018
14,15,5,4,1019
6,5,3,6,1020
7,9,6,8,1021
15,3,5,11,1022
13,15,9,5,1023
14,8,7,6,1024
2,11,8,2,1025
7,12,5,8,1026
13,5,5,7,1027
2,3,3,10,1028
3,9,6,9,1029
7,10,6,10,1030
4,9,8,5,1031
15,4,2,11,1032
2,11,3,10,1033
10,11,9,5,1034
4,5,2,11,1035
11,2,9,4,1036
10,5,2,6,1037
11,3,9,8,1038
14,13,9,2,1039
3,7,5,3,1040
6,5,9,5,1041
14,13,3,4,1042
3,15,7,11,1043
7,5,8,5,1044
14,4,8,10,1045
3,13,7,3,1046
5,2,6,7,1047
14,5,4,3,1048
11,5,9,6,1049
8,10,3,3,1050
14,3,6,3,951
4,11,4,6,952
5,1,8,10,953
15,4,5,6,954
3,15,10,7,955
12,2,5,3,956
12,5,9,5,957
14,4,3,3,958
9,1,6,8,959
12,1,8,7,960
