7,12,5,5,2296
9,15,6,5,2297
10,11,8,2,2298
7,13,8,4,2299
1,15,9,3,2300
10,4,3,3,2301
12,14,4,2,2302
7,8,8,3,2303
5,4,5,2,2304
4,9,4,3,2305
9,11,6,2,2306
11,2,2,2,2307
7,2,5,2,2308
12,11,6,4,2309
13,4,9,4,2310
11,13,3,2,2311
6,8,9,4,2312
8,5,10,2,2313
10,11,10,2,2314
4,8,8,4,2315
10,12,7,5,2316
8,7,2,4,2317
1,8,9,2,2318
3,7,6,3,2319
2,6,9,3,2320
4,14,6,2,2321
1,6,5,3,2322
9,4,2,3,2323
1,7,9,3,2324
2,10,8,4,2325
14,10,6,3,2326
9,4,6,4,2327
1,10,3,2,2328
13,7,4,5,2329
5,8,4,4,2330
11,5,8,4,2331
3,8,3,5,2332
12,1,10,5,2333
8,5,5,5,2334
1,7,8,4,2335
3,8,3,3,2336
1,7,7,2,2337
1,2,10,3,2338
5,14,2,5,2339
13,10,7,4,2340
14,6,2,3,2341
1,9,4,5,2342
13,10,6,2,2343
10,8,5,3,2344
1,5,4,5,2345
12,1,3,3,2346
13,14,6,2,2245
14,3,4,5,2246
1,7,9,4,2247
6,8,10,4,2248
14,3,10,5,2249
4,7,8,3,2250
1,8,5,2,2251
3,11,8,3,2252
4,5,10,5,2253
3,6,2,2,2254
