4,1,6,5,1651
12,1,6,7,1652
10,1,6,8,1653
15,4,10,5,1654
11,1,7,7,1655
4,12,7,9,1656
7,10,4,10,1657
12,11,6,2,1658
1,4,7,7,1659
9,13,6,8,1660
6,4,8,10,1661
13,15,7,9,1662
12,11,3,3,1663
15,7,10,11,1664
11,12,8,10,1665
13,3,8,5,1666
2,3,10,6,1667
13,14,7,10,1668
11,10,5,4,1669
15,11,5,11,1670
15,14,3,11,1671
15,8,10,5,1672
13,9,8,7,1673
3,7,3,3,1674
12,10,4,8,1675
4,13,4,2,1676
7,4,5,5,1677
2,9,2,2,1678
6,5,6,10,1679
9,4,10,11,1680
1,9,7,8,1681
9,7,6,7,1682
1,5,10,7,1683
12,15,7,11,1684
6,4,2,11,1685
11,15,3,11,1686
5,2,8,3,1687
5,7,10,9,1688
3,6,10,7,1689
15,12,7,10,1690
7,14,4,6,1691
6,15,8,8,1692
13,4,3,10,1693
7,12,9,5,1694
14,5,10,8,1695
10,7,3,9,1696
15,1,5,8,1697
2,5,8,6,1698
13,5,3,11,1699
1,3,5,3,1700
1,9,2,5,1601
5,13,10,3,1602
11,3,10,8,1603
4,15,9,8,1604
11,6,3,7,1605
4,7,7,5,1606
11,2,10,11,1607
12,14,5,11,1608
7,14,8,7,1609
6,7,2,6,1610
