1,4,5,3,351
9,3,7,5,352
12,5,3,9,353
13,3,5,8,354
5,11,7,4,355
10,5,10,11,356
8,3,10,10,357
6,7,4,10,358
2,13,4,2,359
12,14,8,8,360
10,14,3,7,361
6,12,9,3,362
4,5,3,2,363
4,9,2,7,364
15,3,2,9,365
12,3,3,6,366
4,11,6,6,367
4,14,5,4,368
6,7,4,9,369
6,4,5,9,370
1,10,10,11,371
1,11,2,5,372
15,8,8,8,373
12,7,6,3,374
2,15,6,11,375
8,3,3,3,376
14,7,4,3,377
3,13,10,11,378
9,12,8,9,379
5,12,4,8,380
14,5,6,3,381
6,9,9,2,382
8,15,7,10,383
13,6,6,11,384
15,5,8,6,385
14,15,5,9,386
12,9,3,2,387
14,6,7,10,388
12,1,4,6,389
1,2,10,9,390
11,8,2,11,391
5,10,4,11,392
7,9,8,9,393
11,12,7,2,394
7,5,7,7,395
13,14,10,5,396
14,12,9,6,397
8,4,3,6,398
6,4,2,8,399
11,3,6,2,400
12,5,3,10,301
10,9,7,3,302
8,2,4,2,303
6,12,7,9,304
14,9,10,10,305
14,13,5,10,306
15,2,6,8,307
5,11,4,4,308
11,1,3,3,309
6,8,4,10,310
