7,2,6,4,205
7,5,3,5,206
9,15,4,3,207
2,10,6,2,208
12,11,5,2,209
3,13,6,2,210
1,11,6,4,211
9,1,8,4,212
8,13,7,5,213
2,1,6,5,214
1,13,8,3,215
2,1,2,3,216
2,14,3,3,217
5,3,9,2,218
9,6,2,4,219
9,13,6,3,220
9,6,5,4,221
13,15,2,4,222
10,14,6,2,223
7,14,2,2,224
10,15,3,3,225
7,9,8,3,226
3,15,2,3,227
9,14,9,4,228
4,9,5,5,229
1,8,8,4,230
13,1,3,2,231
8,13,6,2,232
1,12,3,3,233
11,10,9,5,234
8,12,5,2,235
7,2,4,2,236
2,13,9,5,237
3,5,2,2,238
1,15,5,2,239
6,5,8,4,240
9,5,9,4,241
13,10,8,3,242
5,12,5,3,243
11,14,9,5,244
12,5,6,4,245
4,2,7,4,246
13,6,7,2,247
12,14,8,4,248
1,8,8,3,249
8,15,9,3,250
4,3,4,5,251
10,7,8,2,252
6,9,5,2,253
12,15,2,5,254
12,1,3,3,255
15,10,2,4,154
11,6,10,4,155
9,8,7,2,156
12,5,4,3,157
10,9,10,3,158
13,5,9,4,159
9,11,9,5,160
2,14,10,2,161
14,1,2,5,162
1,12,8,5,163
