3,14,7,2,613
13,9,4,2,614
8,14,5,5,615
4,15,9,5,616
2,11,6,2,617
9,7,10,4,618
2,10,2,5,619
10,11,10,3,620
1,14,5,4,621
11,10,7,2,622
4,14,8,3,623
9,4,8,5,624
12,11,2,3,625
7,13,8,5,626
7,2,6,5,627
9,14,6,3,628
2,11,7,4,629
1,4,3,4,630
10,2,3,2,631
3,11,8,5,632
9,13,8,4,633
6,5,8,5,634
1,13,7,5,635
15,9,8,4,636
5,7,8,3,637
6,2,8,3,638
7,12,7,2,639
12,6,9,5,640
7,12,9,5,641
9,11,10,2,642
9,8,10,2,643
15,6,9,3,644
2,6,6,3,645
15,12,2,4,646
8,11,3,2,647
11,8,10,2,648
13,2,10,3,649
8,2,6,3,650
15,13,8,5,651
5,9,6,2,652
13,2,4,5,653
2,5,4,2,654
7,2,7,2,655
3,8,9,4,656
4,13,10,3,657
14,3,5,5,658
14,9,3,5,659
13,7,10,5,660
15,5,8,2,661
3,12,5,2,662
7,14,7,5,663
5,4,6,5,562
7,4,5,4,563
7,13,5,3,564
5,6,6,3,565
4,3,8,2,566
7,8,5,5,567
7,10,5,3,568
10,4,5,4,569
1,7,2,3,570
12,14,4,3,571
