2,4,4,9,2601
6,9,10,5,2602
6,13,4,10,2603
12,15,8,8,2604
5,9,5,5,2605
13,9,3,2,2606
6,8,9,10,2607
14,7,10,10,2608
12,10,7,2,2609
2,3,10,10,2610
10,12,8,4,2611
7,10,4,3,2612
7,1,2,4,2613
5,14,10,5,2614
9,15,5,10,2615
14,2,8,6,2616
11,6,2,8,2617
15,11,3,9,2618
6,10,7,3,2619
7,11,10,8,2620
1,11,6,3,2621
1,4,6,4,2622
1,6,2,2,2623
3,2,6,5,2624
15,8,8,3,2625
13,11,8,9,2626
12,9,3,6,2627
10,8,10,2,2628
8,12,4,9,2629
4,12,4,11,2630
9,7,7,10,2631
8,13,8,2,2632
14,7,8,4,2633
4,1,3,3,2634
10,2,7,4,2635
6,1,9,7,2636
8,9,3,5,2637
8,14,2,5,2638
6,5,9,10,2639
6,13,2,3,2640
15,4,9,4,2641
15,6,7,9,2642
13,7,2,6,2643
6,5,2,11,2644
10,5,9,7,2645
1,15,7,6,2646
9,4,6,4,2647
10,8,9,3,2648
3,1,5,8,2649
15,7,10,9,2650
12,2,8,6,2551
14,2,2,3,2552
9,11,5,5,2553
9,11,4,7,2554
3,9,7,7,2555
12,15,3,4,2556
14,15,9,10,2557
2,15,3,5,2558
14,11,4,6,2559
6,15,2,11,2560
