3,2,4,6,4801
6,9,5,5,4802
5,1,7,8,4803
13,14,9,8,4804
1,6,8,11,4805
13,6,10,6,4806
14,4,5,7,4807
3,2,2,10,4808
9,11,6,8,4809
3,5,6,9,4810
6,4,4,4,4811
8,11,3,10,4812
8,7,7,7,4813
5,15,2,9,4814
8,13,8,9,4815
7,1,7,11,4816
7,9,9,5,4817
13,2,7,3,4818
10,5,3,2,4819
5,8,4,2,4820
8,9,6,7,4821
11,9,4,8,4822
3,4,2,8,4823
14,4,8,3,4824
14,2,6,3,4825
6,9,7,2,4826
11,14,2,7,4827
11,6,8,3,4828
8,9,3,9,4829
10,13,8,8,4830
11,1,10,5,4831
11,8,9,11,4832
8,2,2,8,4833
11,3,4,4,4834
10,15,10,4,4835
15,7,8,11,4836
3,11,10,9,4837
15,4,9,7,4838
13,12,8,4,4839
2,11,3,5,4840
9,12,6,2,4841
4,14,8,10,4842
12,2,7,5,4843
9,8,4,10,4844
5,3,8,3,4845
13,9,4,2,4846
5,15,8,3,4847
4,13,3,3,4848
2,1,10,10,4849
9,15,2,11,4850
8,12,5,6,4751
3,12,4,10,4752
10,5,2,3,4753
7,8,10,4,4754
4,8,9,3,4755
11,3,9,7,4756
2,10,7,10,4757
11,4,3,6,4758
13,11,3,9,4759
4,3,9,2,4760
