11,5,10,5,3469
13,2,3,3,3470
7,4,6,5,3471
5,1,7,3,3472
5,3,10,5,3473
3,5,8,5,3474
11,10,5,4,3475
3,13,6,5,3476
7,12,8,2,3477
15,14,3,4,3478
7,9,5,5,3479
10,14,4,3,3480
2,11,10,5,3481
15,11,7,2,3482
8,15,6,4,3483
9,1,3,4,3484
8,9,8,4,3485
9,14,6,5,3486
14,2,2,5,3487
14,3,5,3,3488
13,9,4,4,3489
15,6,7,3,3490
15,5,6,5,3491
9,8,2,4,3492
1,11,10,2,3493
1,9,2,3,3494
3,7,2,5,3495
2,10,9,5,3496
6,15,10,4,3497
10,9,7,4,3498
15,11,4,5,3499
12,9,10,2,3500
12,15,7,5,3501
6,7,6,2,3502
14,2,3,4,3503
3,8,9,4,3504
5,11,5,5,3505
13,2,10,3,3506
8,15,6,5,3507
12,1,6,2,3508
13,1,5,3,3509
4,5,5,2,3510
5,15,4,2,3511
15,11,10,2,3512
4,11,3,2,3513
7,12,4,5,3514
12,9,2,5,3515
13,7,8,3,3516
9,13,9,5,3517
11,13,8,2,3518
10,2,9,4,3519
1,6,3,4,3418
9,2,6,3,3419
11,14,7,4,3420
11,6,2,2,3421
1,2,6,2,3422
3,13,9,2,3423
6,15,8,4,3424
12,9,3,5,3425
2,7,9,3,3426
13,3,5,3,3427
