3,2,3,4,1276
2,10,10,3,1277
6,15,4,4,1278
8,15,2,3,1279
7,9,9,3,1280
11,9,9,4,1281
4,13,4,3,1282
5,13,5,5,1283
8,6,2,5,1284
10,8,8,2,1285
8,2,5,4,1286
3,6,8,2,1287
1,5,3,5,1288
8,14,7,5,1289
9,5,2,3,1290
11,14,10,3,1291
10,4,7,4,1292
5,7,2,4,1293
10,5,9,5,1294
11,9,8,4,1295
13,14,8,2,1296
15,5,2,4,1297
10,8,4,4,1298
14,3,9,2,1299
8,9,4,2,1300
9,12,2,3,1301
11,12,7,4,1302
4,5,6,5,1303
11,3,9,3,1304
1,12,4,2,1305
9,12,8,3,1306
15,4,3,4,1307
12,9,6,4,1308
10,3,3,3,1309
13,1,3,4,1310
10,5,4,4,1311
12,5,9,4,1312
12,9,2,3,1313
9,1,8,4,1314
4,6,2,3,1315
11,10,9,3,1316
2,12,3,4,1317
2,11,4,4,1318
8,13,7,3,1319
4,2,7,2,1320
12,14,4,2,1321
5,10,8,3,1322
3,12,4,4,1323
9,6,7,5,1324
3,10,10,2,1325
7,10,5,4,1326
2,12,6,4,1225
2,15,8,2,1226
11,2,8,3,1227
1,3,8,5,1228
4,5,6,3,1229
5,4,7,3,1230
5,2,3,3,1231
7,4,5,4,1232
3,14,8,3,1233
3,9,7,5,1234
