14,9,6,5,3265
3,8,3,2,3266
11,13,10,3,3267
13,9,2,2,3268
13,1,10,3,3269
8,4,10,5,3270
1,14,2,2,3271
6,14,8,5,3272
5,6,9,3,3273
2,9,3,3,3274
4,14,4,3,3275
9,12,3,4,3276
3,5,7,2,3277
6,9,4,2,3278
15,1,7,3,3279
11,14,3,4,3280
4,5,9,2,3281
5,1,7,4,3282
14,13,10,5,3283
14,7,10,2,3284
9,5,9,2,3285
8,9,5,3,3286
8,2,5,5,3287
11,9,8,3,3288
2,14,8,5,3289
6,8,2,2,3290
14,6,10,4,3291
5,3,4,2,3292
6,2,3,3,3293
7,5,8,5,3294
10,3,5,2,3295
10,3,2,5,3296
5,7,4,3,3297
5,13,8,4,3298
2,4,10,5,3299
14,12,10,5,3300
13,8,8,3,3301
8,14,6,2,3302
14,15,8,5,3303
6,1,5,5,3304
3,5,7,2,3305
10,8,7,2,3306
14,2,7,4,3307
9,2,9,2,3308
15,2,8,5,3309
13,10,4,3,3310
7,14,6,3,3311
7,8,7,2,3312
3,14,9,2,3313
11,9,8,3,3314
3,6,9,3,3315
8,7,3,2,3214
2,12,9,3,3215
11,14,2,3,3216
6,8,2,2,3217
7,13,5,2,3218
12,3,5,5,3219
13,15,10,2,3220
3,13,4,3,3221
10,2,3,4,3222
1,5,10,4,3223
