11,1,5,8,251
10,15,6,7,252
1,6,6,9,253
10,13,9,7,254
8,15,2,3,255
5,12,5,11,256
6,5,6,9,257
9,13,3,3,258
13,11,10,11,259
12,2,8,5,260
1,9,3,3,261
10,13,2,3,262
2,13,7,6,263
14,2,10,4,264
5,12,6,10,265
15,11,4,4,266
2,12,9,5,267
7,14,5,8,268
13,2,8,8,269
4,8,9,8,270
3,11,9,7,271
11,13,6,8,272
15,8,7,6,273
6,15,8,3,274
6,13,6,5,275
13,3,3,7,276
12,15,4,4,277
15,5,3,6,278
13,14,4,8,279
9,10,4,5,280
8,15,7,7,281
8,4,8,10,282
6,10,2,10,283
15,13,4,9,284
5,9,9,6,285
14,3,6,7,286
11,3,5,9,287
6,12,5,4,288
2,1,8,9,289
10,1,9,10,290
11,15,3,3,291
14,11,4,5,292
11,9,2,9,293
13,1,8,5,294
10,2,6,2,295
8,15,9,3,296
1,11,8,4,297
8,10,9,5,298
5,4,5,3,299
2,3,6,2,300
6,14,5,11,201
13,10,4,7,202
14,15,4,3,203
3,5,4,3,204
11,14,8,4,205
9,13,10,10,206
9,14,2,11,207
3,15,6,10,208
9,6,2,10,209
10,1,4,11,210
