8,9,4,4,1531
11,5,10,3,1532
15,9,8,2,1533
12,10,6,2,1534
9,11,8,3,1535
9,3,10,2,1536
15,1,6,2,1537
3,2,3,2,1538
4,13,5,3,1539
13,6,10,2,1540
4,10,6,4,1541
15,5,5,5,1542
10,6,7,2,1543
8,14,8,4,1544
13,15,5,2,1545
6,14,6,4,1546
1,15,10,5,1547
13,10,5,4,1548
5,9,8,3,1549
6,14,9,5,1550
4,11,3,5,1551
4,5,6,2,1552
15,3,8,2,1553
5,11,5,2,1554
11,10,8,3,1555
1,9,5,3,1556
3,13,7,3,1557
3,13,10,5,1558
12,15,9,2,1559
11,4,10,2,1560
8,1,7,4,1561
15,5,4,3,1562
4,1,3,3,1563
14,4,6,3,1564
2,5,9,5,1565
9,10,4,2,1566
14,10,8,2,1567
1,15,9,4,1568
13,11,8,5,1569
7,5,5,2,1570
11,13,7,4,1571
4,9,3,3,1572
8,12,2,5,1573
15,9,4,4,1574
6,7,4,5,1575
13,6,9,4,1576
4,7,6,2,1577
2,9,6,2,1578
6,7,6,5,1579
4,12,4,4,1580
10,13,2,2,1581
4,12,8,4,1480
5,3,7,5,1481
12,7,4,5,1482
6,5,2,2,1483
4,6,6,4,1484
10,11,3,5,1485
7,6,8,5,1486
11,5,4,5,1487
14,9,4,4,1488
1,6,3,4,1489
