9,4,4,5,1123
4,2,2,2,1124
1,11,5,3,1125
6,7,8,3,1126
4,3,10,3,1127
9,15,6,3,1128
4,3,9,3,1129
6,5,5,2,1130
3,12,3,4,1131
8,15,4,3,1132
6,10,9,2,1133
12,13,5,5,1134
6,4,3,2,1135
10,2,10,4,1136
14,11,2,2,1137
11,6,10,4,1138
15,2,3,4,1139
11,4,5,3,1140
5,4,8,2,1141
7,1,8,5,1142
2,5,2,2,1143
9,7,7,5,1144
2,3,9,5,1145
13,11,2,5,1146
9,13,4,5,1147
10,2,9,4,1148
7,11,6,4,1149
11,15,6,5,1150
15,13,4,5,1151
4,2,6,2,1152
4,7,3,2,1153
10,12,10,3,1154
7,5,2,5,1155
13,10,2,2,1156
9,12,3,5,1157
15,4,5,5,1158
9,14,6,3,1159
15,12,10,4,1160
11,13,3,3,1161
2,3,10,3,1162
4,1,10,4,1163
10,15,3,4,1164
6,2,9,4,1165
1,5,4,3,1166
6,1,4,4,1167
6,15,5,5,1168
13,4,4,3,1169
12,3,2,5,1170
12,9,5,4,1171
15,6,5,3,1172
3,7,4,5,1173
9,15,9,3,1072
14,9,3,5,1073
8,11,7,4,1074
4,3,9,2,1075
6,13,6,2,1076
3,7,3,5,1077
8,5,3,2,1078
14,11,9,5,1079
10,3,4,2,1080
4,8,9,4,1081
