12,2,7,5,1901
6,3,5,3,1902
9,12,10,6,1903
4,2,3,8,1904
11,13,7,5,1905
2,8,9,2,1906
13,10,6,4,1907
15,12,5,11,1908
6,4,6,11,1909
5,2,2,11,1910
13,12,7,5,1911
11,6,4,9,1912
4,15,9,6,1913
5,7,8,6,1914
5,2,7,6,1915
3,4,6,4,1916
3,5,8,11,1917
11,10,3,5,1918
5,6,5,7,1919
3,6,8,5,1920
5,4,6,3,1921
14,5,2,4,1922
2,7,10,8,1923
14,6,9,8,1924
6,10,2,10,1925
6,15,5,11,1926
1,5,4,6,1927
11,5,3,10,1928
1,3,9,3,1929
5,13,3,3,1930
5,11,2,9,1931
5,4,5,7,1932
7,6,4,4,1933
1,13,7,7,1934
10,15,10,4,1935
15,13,3,6,1936
7,10,8,8,1937
5,11,9,7,1938
4,11,10,5,1939
15,13,9,2,1940
11,1,6,8,1941
10,6,9,11,1942
15,14,2,5,1943
2,12,2,2,1944
11,15,9,5,1945
11,10,10,11,1946
9,7,2,7,1947
10,4,3,8,1948
13,9,4,6,1949
6,5,2,2,1950
6,13,4,6,1851
10,9,2,4,1852
5,6,3,9,1853
10,2,8,3,1854
12,3,7,6,1855
6,5,10,11,1856
4,5,3,7,1857
5,2,2,5,1858
12,6,8,10,1859
10,14,5,4,1860
