2,3,2,4,4451
4,10,8,7,4452
11,13,5,10,4453
13,12,3,9,4454
14,12,8,6,4455
14,11,3,7,4456
4,12,6,11,4457
6,3,3,3,4458
11,12,5,10,4459
2,8,9,2,4460
15,5,5,3,4461
5,13,3,7,4462
9,3,9,7,4463
11,6,6,6,4464
12,8,10,11,4465
10,15,5,9,4466
8,13,8,2,4467
5,12,5,2,4468
9,8,3,4,4469
13,4,5,6,4470
15,13,7,6,4471
14,3,3,11,4472
11,10,9,4,4473
1,5,5,11,4474
6,10,7,9,4475
2,12,5,4,4476
3,9,9,9,4477
1,10,8,6,4478
15,7,8,4,4479
1,13,10,2,4480
6,13,5,11,4481
7,4,3,7,4482
11,14,8,8,4483
1,10,6,4,4484
15,10,2,7,4485
7,12,5,6,4486
7,1,7,3,4487
14,12,10,2,4488
3,2,3,10,4489
10,12,3,7,4490
1,9,3,5,4491
3,10,7,9,4492
15,8,4,11,4493
6,13,5,2,4494
12,13,2,9,4495
13,2,6,3,4496
8,9,2,3,4497
13,15,4,3,4498
6,15,6,3,4499
9,15,7,7,4500
5,2,2,6,4401
13,15,6,6,4402
13,14,5,10,4403
11,4,10,9,4404
4,10,2,4,4405
12,1,8,5,4406
13,12,6,2,4407
11,7,9,3,4408
5,6,7,6,4409
2,11,8,7,4410
