11,5,8,3,664
12,14,5,2,665
12,6,8,5,666
1,8,10,5,667
14,6,6,5,668
8,4,9,4,669
9,13,5,5,670
11,8,10,2,671
2,7,5,5,672
9,6,2,3,673
7,13,5,4,674
4,9,10,2,675
6,3,10,3,676
4,8,7,2,677
6,9,6,4,678
9,12,6,4,679
14,8,4,2,680
13,10,9,4,681
5,14,9,3,682
13,12,7,4,683
15,1,5,5,684
6,1,4,4,685
4,6,6,3,686
3,13,8,2,687
7,10,6,5,688
15,7,4,4,689
2,13,7,5,690
3,2,9,4,691
10,8,3,4,692
15,13,4,3,693
4,6,6,3,694
7,1,5,2,695
14,7,7,4,696
15,13,4,4,697
4,10,7,2,698
12,11,7,2,699
6,7,3,4,700
5,6,9,4,701
1,6,10,4,702
15,14,4,3,703
2,9,5,5,704
8,11,4,5,705
7,5,3,5,706
11,2,2,3,707
13,7,3,4,708
13,15,8,5,709
6,9,5,2,710
14,1,8,4,711
5,4,4,2,712
5,1,2,4,713
11,3,5,3,714
3,14,8,2,613
13,9,10,2,614
8,14,3,5,615
4,15,6,5,616
2,11,8,2,617
9,7,5,4,618
2,10,8,5,619
10,11,9,3,620
1,14,3,4,621
11,10,3,2,622
