11,10,4,2,3826
8,5,6,2,3827
7,10,8,2,3828
7,2,8,5,3829
1,2,8,3,3830
14,15,8,5,3831
8,5,6,2,3832
11,2,4,4,3833
6,15,8,2,3834
1,4,5,2,3835
3,6,10,3,3836
11,15,3,2,3837
1,13,4,4,3838
15,9,4,2,3839
1,3,3,4,3840
15,12,2,2,3841
5,2,10,3,3842
6,13,2,2,3843
11,3,7,3,3844
5,13,2,4,3845
14,8,3,3,3846
2,6,2,3,3847
13,10,7,2,3848
3,6,10,5,3849
13,11,8,4,3850
10,4,5,5,3851
2,7,4,3,3852
13,4,8,3,3853
14,6,6,4,3854
4,11,3,3,3855
3,10,5,4,3856
15,2,8,4,3857
5,11,7,2,3858
13,1,10,3,3859
14,1,10,2,3860
7,11,5,3,3861
15,1,2,3,3862
6,10,9,3,3863
8,11,9,5,3864
2,8,8,5,3865
6,12,2,2,3866
7,5,7,2,3867
9,4,5,2,3868
13,1,3,5,3869
3,14,6,4,3870
3,5,10,5,3871
12,7,6,3,3872
14,1,5,3,3873
8,10,8,3,3874
4,8,4,3,3875
6,7,5,5,3876
1,3,6,2,3775
12,3,9,2,3776
1,8,9,3,3777
5,15,3,2,3778
2,7,2,4,3779
11,4,9,3,3780
1,12,4,2,3781
14,8,2,5,3782
1,3,9,3,3783
11,8,6,4,3784
