13,9,8,10,4351
1,13,6,6,4352
4,5,10,7,4353
1,10,9,7,4354
1,14,3,3,4355
7,9,10,6,4356
9,6,2,8,4357
1,3,4,9,4358
7,3,4,10,4359
5,10,5,2,4360
8,3,2,9,4361
11,12,8,9,4362
13,2,3,6,4363
8,2,9,5,4364
11,8,3,3,4365
5,9,10,9,4366
5,1,7,5,4367
12,1,5,5,4368
12,4,5,11,4369
4,9,6,6,4370
6,10,8,9,4371
4,2,8,11,4372
2,5,3,2,4373
2,9,6,2,4374
10,3,10,10,4375
8,1,10,9,4376
15,8,10,4,4377
7,6,4,6,4378
4,15,4,7,4379
15,1,6,9,4380
11,2,5,2,4381
8,12,4,4,4382
1,15,3,7,4383
15,8,3,5,4384
14,13,7,3,4385
5,10,7,4,4386
4,15,8,9,4387
11,4,5,5,4388
10,2,6,4,4389
12,2,8,8,4390
15,14,8,5,4391
11,9,2,2,4392
10,13,2,11,4393
6,9,7,11,4394
11,4,9,4,4395
13,9,8,11,4396
3,12,9,2,4397
2,1,8,8,4398
5,1,5,6,4399
7,6,3,4,4400
6,3,4,3,4301
9,4,3,2,4302
6,15,6,4,4303
12,3,10,3,4304
4,9,9,9,4305
3,10,5,5,4306
6,11,5,7,4307
8,7,3,9,4308
11,7,2,9,4309
9,6,2,7,4310
