11,8,9,4,1551
1,6,5,10,1552
5,15,4,6,1553
12,4,3,5,1554
7,12,3,5,1555
11,9,9,4,1556
4,2,3,6,1557
1,4,7,6,1558
13,3,8,4,1559
12,9,9,9,1560
9,13,10,10,1561
7,4,8,9,1562
2,15,2,8,1563
7,4,2,3,1564
6,3,3,5,1565
2,11,3,9,1566
6,1,2,8,1567
1,4,8,10,1568
1,10,9,7,1569
2,7,10,4,1570
5,13,5,2,1571
5,9,4,3,1572
7,13,4,2,1573
7,2,9,9,1574
15,9,9,4,1575
3,8,6,3,1576
4,15,3,6,1577
2,4,7,6,1578
15,13,5,5,1579
10,1,8,11,1580
11,9,4,6,1581
14,1,9,3,1582
4,2,6,8,1583
9,11,5,9,1584
8,13,2,3,1585
15,12,5,5,1586
15,9,9,8,1587
11,13,2,8,1588
14,11,8,11,1589
1,13,5,7,1590
3,4,4,10,1591
2,3,7,10,1592
9,1,10,4,1593
9,8,6,4,1594
3,6,7,2,1595
2,7,3,11,1596
2,14,4,7,1597
7,4,8,10,1598
4,7,9,4,1599
12,13,4,8,1600
2,4,5,7,1501
3,9,9,4,1502
6,13,7,11,1503
3,12,3,5,1504
7,15,6,5,1505
2,4,8,11,1506
13,14,3,3,1507
15,7,4,8,1508
15,11,5,11,1509
5,6,3,2,1510
