13,10,6,9,1201
7,11,7,7,1202
9,13,5,9,1203
10,6,5,11,1204
1,6,4,3,1205
2,1,4,10,1206
8,4,6,10,1207
9,6,4,2,1208
11,7,4,2,1209
6,15,10,9,1210
1,15,8,3,1211
8,4,9,9,1212
9,6,10,11,1213
10,12,3,6,1214
6,4,9,10,1215
14,3,3,3,1216
6,9,5,6,1217
6,7,3,6,1218
8,11,8,2,1219
11,14,7,10,1220
13,4,9,9,1221
8,10,10,6,1222
4,5,9,7,1223
15,6,8,5,1224
3,11,4,5,1225
6,9,2,10,1226
13,4,10,7,1227
11,15,4,9,1228
4,6,7,8,1229
11,4,7,11,1230
10,8,7,8,1231
15,3,10,2,1232
6,5,7,3,1233
5,7,7,7,1234
10,3,6,9,1235
11,7,4,7,1236
14,7,3,5,1237
5,6,7,9,1238
4,10,9,9,1239
9,12,10,5,1240
4,3,2,11,1241
8,7,10,7,1242
15,1,10,10,1243
15,10,4,6,1244
11,6,6,5,1245
7,12,10,8,1246
6,1,3,5,1247
7,15,2,7,1248
1,11,6,5,1249
9,8,4,6,1250
13,15,7,5,1151
14,9,2,10,1152
12,7,9,2,1153
4,10,5,5,1154
7,6,6,11,1155
1,8,3,8,1156
14,13,5,10,1157
1,10,2,10,1158
3,10,3,4,1159
1,15,10,8,1160
