8,10,10,5,801
1,7,8,3,802
5,6,10,7,803
11,6,2,10,804
15,10,8,3,805
6,7,4,11,806
2,6,9,11,807
5,10,8,8,808
1,9,3,5,809
3,9,6,2,810
9,8,5,11,811
7,13,6,3,812
1,13,10,10,813
15,1,8,6,814
3,2,8,7,815
2,1,7,11,816
13,14,7,6,817
6,13,2,9,818
7,5,9,11,819
7,10,8,10,820
6,13,10,4,821
13,6,10,7,822
15,2,2,9,823
4,15,8,8,824
13,3,9,5,825
10,4,2,7,826
5,14,7,9,827
4,3,10,9,828
14,7,7,5,829
3,5,9,4,830
11,15,9,8,831
15,8,8,6,832
13,3,4,11,833
7,13,7,5,834
7,10,6,7,835
2,11,4,8,836
6,9,5,9,837
13,15,9,5,838
10,8,2,2,839
15,14,9,4,840
1,7,4,4,841
6,7,9,2,842
7,10,10,9,843
12,5,3,10,844
9,4,6,11,845
10,9,7,10,846
7,10,7,11,847
8,15,9,2,848
11,15,5,7,849
13,7,9,2,850
8,3,6,4,751
13,3,9,9,752
11,6,6,4,753
8,1,2,8,754
11,5,6,10,755
12,5,3,3,756
1,15,7,9,757
6,10,3,5,758
15,6,3,7,759
12,5,6,2,760
