7,11,8,3,1174
3,6,2,5,1175
10,1,4,3,1176
1,7,10,4,1177
2,5,3,3,1178
13,3,10,3,1179
9,1,7,4,1180
11,14,5,2,1181
1,11,4,2,1182
15,6,5,5,1183
9,2,7,3,1184
2,3,9,4,1185
4,9,10,4,1186
14,10,2,3,1187
11,1,8,2,1188
12,4,6,4,1189
7,15,2,2,1190
8,5,10,5,1191
12,5,5,4,1192
15,5,2,3,1193
10,2,5,2,1194
3,12,2,5,1195
15,11,8,4,1196
3,15,3,2,1197
6,4,6,4,1198
4,13,3,5,1199
15,11,7,2,1200
2,15,3,4,1201
6,15,5,4,1202
10,13,2,3,1203
15,5,2,3,1204
8,12,9,3,1205
3,8,6,5,1206
13,14,5,2,1207
8,15,6,2,1208
9,12,3,4,1209
3,10,5,4,1210
15,4,7,4,1211
7,8,10,3,1212
8,2,5,2,1213
14,5,4,2,1214
2,14,9,3,1215
8,10,2,2,1216
1,13,7,2,1217
6,7,5,3,1218
13,10,7,2,1219
14,15,8,3,1220
10,14,5,4,1221
11,9,5,4,1222
5,6,2,3,1223
11,13,9,4,1224
9,4,2,5,1123
4,2,7,2,1124
1,11,3,3,1125
6,7,7,3,1126
4,3,6,3,1127
9,15,10,3,1128
4,3,2,3,1129
6,5,9,2,1130
3,12,5,4,1131
8,15,6,3,1132
