1,6,8,4,3418
9,2,8,3,3419
11,14,3,4,3420
11,6,7,2,3421
1,2,4,2,3422
3,13,7,2,3423
6,15,2,4,3424
12,9,5,5,3425
2,7,10,3,3426
13,3,6,3,3427
8,5,4,5,3428
15,13,2,5,3429
11,6,2,4,3430
3,15,4,4,3431
3,6,6,4,3432
4,11,3,4,3433
2,3,3,3,3434
15,14,2,5,3435
13,2,2,2,3436
15,8,5,5,3437
5,14,10,4,3438
12,14,5,4,3439
10,7,5,2,3440
4,5,4,4,3441
7,10,6,5,3442
15,11,6,2,3443
6,11,3,3,3444
13,7,10,3,3445
13,4,9,4,3446
9,8,4,3,3447
5,15,7,3,3448
1,3,3,4,3449
15,5,3,5,3450
7,11,5,5,3451
11,4,3,4,3452
7,14,7,2,3453
13,8,4,4,3454
11,3,2,2,3455
5,4,8,2,3456
1,9,8,5,3457
8,11,6,5,3458
15,2,8,2,3459
14,13,9,5,3460
8,10,6,2,3461
1,10,7,2,3462
9,6,4,4,3463
5,14,6,2,3464
9,7,4,5,3465
15,14,8,2,3466
7,10,9,4,3467
4,12,5,5,3468
4,12,9,4,3367
3,1,8,5,3368
7,13,10,2,3369
10,9,2,2,3370
14,15,8,5,3371
8,9,4,5,3372
14,12,2,5,3373
11,2,4,3,3374
9,5,8,4,3375
5,4,7,2,3376
