6,2,9,5,701
9,11,5,8,702
7,1,5,8,703
2,7,9,11,704
7,14,5,9,705
10,8,7,11,706
13,15,7,11,707
4,14,2,5,708
6,10,2,10,709
9,2,10,9,710
11,2,4,11,711
8,6,3,3,712
12,8,2,10,713
15,10,5,8,714
8,4,5,2,715
14,6,7,4,716
15,3,9,8,717
4,14,5,5,718
5,8,4,10,719
8,13,8,4,720
11,6,8,3,721
3,2,2,5,722
5,3,5,8,723
5,1,9,4,724
14,2,7,9,725
1,12,4,2,726
13,10,5,9,727
11,4,5,3,728
12,14,2,8,729
7,12,2,9,730
11,4,4,7,731
6,11,2,11,732
7,4,3,4,733
2,6,5,9,734
15,13,2,11,735
1,12,3,7,736
13,8,3,8,737
2,13,5,11,738
2,15,4,4,739
2,10,8,8,740
7,14,3,2,741
8,6,2,4,742
6,7,10,8,743
2,7,5,5,744
10,9,5,2,745
5,12,10,4,746
4,11,4,9,747
13,1,5,9,748
13,10,7,4,749
1,2,9,6,750
4,11,6,2,651
11,14,5,7,652
14,15,7,2,653
14,7,5,4,654
13,9,7,2,655
12,8,6,10,656
6,11,4,7,657
8,14,2,10,658
8,5,6,7,659
8,9,8,8,660
