9,6,5,2,501
7,6,3,11,502
1,5,6,4,503
3,2,4,2,504
10,2,8,6,505
6,8,9,2,506
11,12,5,11,507
6,12,10,7,508
6,3,5,7,509
13,6,3,11,510
3,15,3,9,511
5,9,8,3,512
13,1,2,11,513
6,1,5,7,514
13,2,10,8,515
5,13,7,3,516
1,15,2,7,517
9,2,10,7,518
14,12,10,4,519
7,4,7,2,520
7,4,9,7,521
1,2,7,9,522
15,8,8,9,523
14,4,7,9,524
11,6,8,6,525
15,2,2,8,526
15,11,10,10,527
3,13,3,10,528
13,10,9,2,529
4,6,4,7,530
11,6,9,10,531
15,7,3,4,532
10,8,8,4,533
5,13,7,6,534
1,4,10,7,535
12,15,7,4,536
13,15,10,9,537
11,5,10,11,538
2,10,4,9,539
6,3,2,11,540
5,8,9,2,541
12,8,10,11,542
14,6,9,11,543
5,4,9,11,544
7,14,4,4,545
12,9,10,2,546
15,2,9,5,547
6,7,2,3,548
3,9,9,3,549
9,5,6,9,550
9,7,10,2,451
3,13,4,10,452
6,13,10,3,453
9,11,10,3,454
9,4,2,9,455
15,12,2,7,456
13,2,7,11,457
6,10,6,4,458
13,9,6,7,459
5,2,3,4,460
