7,11,2,3,4151
15,9,10,8,4152
13,10,7,7,4153
13,1,10,11,4154
1,4,5,11,4155
7,3,8,2,4156
11,9,8,11,4157
1,4,7,7,4158
10,12,3,9,4159
8,4,9,11,4160
7,2,5,11,4161
2,7,7,7,4162
13,15,6,11,4163
6,7,9,7,4164
13,4,3,3,4165
7,2,3,6,4166
5,15,6,9,4167
12,13,6,2,4168
8,4,5,6,4169
9,12,10,4,4170
4,14,6,8,4171
14,13,3,3,4172
15,11,3,2,4173
11,6,8,5,4174
8,3,9,8,4175
11,15,10,9,4176
13,5,8,5,4177
1,13,6,10,4178
9,8,4,6,4179
15,4,8,4,4180
2,8,2,7,4181
4,14,6,7,4182
4,15,8,5,4183
4,2,5,6,4184
10,14,3,7,4185
10,8,8,2,4186
9,7,5,2,4187
11,8,10,7,4188
3,2,6,11,4189
9,14,3,7,4190
8,3,10,2,4191
1,2,7,8,4192
1,2,9,3,4193
7,2,8,8,4194
15,12,4,3,4195
6,3,7,4,4196
13,15,10,3,4197
3,8,2,7,4198
11,9,10,4,4199
3,10,4,4,4200
9,13,3,10,4101
5,15,7,4,4102
7,12,4,11,4103
7,8,10,10,4104
12,2,7,11,4105
6,15,6,4,4106
4,12,2,2,4107
3,1,4,4,4108
2,13,2,8,4109
11,10,8,2,4110
