4,2,5,7,2351
12,6,8,2,2352
6,4,2,5,2353
3,2,8,7,2354
14,11,6,9,2355
2,6,7,11,2356
12,7,3,7,2357
4,6,6,5,2358
6,11,5,11,2359
11,6,9,4,2360
7,2,10,5,2361
8,9,3,7,2362
7,4,9,4,2363
2,14,5,6,2364
9,12,3,2,2365
12,6,5,8,2366
3,2,9,7,2367
12,14,4,3,2368
6,3,8,8,2369
15,14,4,2,2370
5,10,3,3,2371
11,6,5,8,2372
1,10,4,11,2373
1,4,9,5,2374
11,13,2,4,2375
4,12,6,6,2376
11,12,2,8,2377
9,7,7,4,2378
6,10,4,3,2379
2,10,2,6,2380
2,3,10,9,2381
12,14,5,9,2382
12,3,3,3,2383
9,1,10,9,2384
15,6,7,11,2385
14,5,6,11,2386
7,2,3,11,2387
6,3,8,6,2388
13,2,2,7,2389
4,5,8,6,2390
14,6,3,7,2391
11,2,2,6,2392
4,15,9,7,2393
9,2,5,8,2394
3,13,2,4,2395
9,1,4,8,2396
11,14,6,4,2397
12,8,4,8,2398
6,14,2,10,2399
2,12,2,6,2400
4,7,3,5,2301
14,5,8,5,2302
5,15,10,7,2303
10,15,6,6,2304
2,1,6,6,2305
13,12,3,8,2306
8,12,3,5,2307
14,1,10,9,2308
13,4,3,10,2309
10,13,7,6,2310
