6,7,3,2,52
15,9,3,4,53
5,6,2,4,54
9,4,3,2,55
3,11,9,2,56
10,5,9,3,57
15,4,8,5,58
6,10,2,5,59
10,7,8,3,60
2,13,6,5,61
14,5,10,2,62
7,3,8,5,63
14,6,9,4,64
14,15,9,5,65
3,13,7,3,66
12,11,3,4,67
1,10,10,2,68
2,4,7,3,69
5,3,5,4,70
3,6,5,2,71
2,10,5,3,72
8,15,10,5,73
1,4,7,2,74
4,11,5,4,75
13,4,4,4,76
12,2,4,4,77
9,6,10,4,78
2,3,10,5,79
6,7,6,2,80
9,8,3,5,81
15,6,6,5,82
1,12,10,5,83
15,7,7,2,84
8,11,5,3,85
14,5,4,2,86
9,6,3,2,87
15,9,4,3,88
3,13,7,5,89
5,12,5,3,90
10,8,8,2,91
13,5,7,4,92
5,10,9,3,93
1,8,3,3,94
4,9,9,2,95
1,9,6,5,96
12,3,4,2,97
4,2,9,5,98
8,3,4,2,99
2,7,3,5,100
15,11,8,2,101
7,4,6,4,102
11,12,2,2,1
15,5,10,4,2
8,10,5,4,3
9,4,4,2,4
3,13,7,4,5
7,2,3,4,6
10,5,6,4,7
15,10,2,2,8
13,7,2,3,9
15,3,5,4,10
