15,3,3,5,4999
9,7,6,5,5000
7,4,2,5,5001
12,2,5,2,5002
12,8,3,4,5003
13,3,6,3,5004
7,10,5,2,5005
8,10,5,5,5006
11,7,10,4,5007
6,14,8,3,5008
3,10,5,4,5009
8,6,10,4,5010
10,12,9,4,5011
13,15,8,3,5012
12,8,3,5,5013
11,15,5,4,5014
8,9,6,3,5015
10,4,10,3,5016
3,1,10,4,5017
13,8,8,5,5018
6,9,9,4,5019
15,14,6,5,5020
8,13,10,4,5021
15,8,7,4,5022
14,13,8,2,5023
12,1,3,2,5024
12,8,10,3,5025
11,3,4,5,5026
9,12,2,4,5027
13,12,3,2,5028
4,8,5,3,5029
4,7,10,4,5030
3,13,4,3,5031
13,14,6,5,5032
2,10,10,4,5033
5,9,2,4,5034
8,10,4,2,5035
5,1,7,5,5036
7,13,3,5,5037
8,14,3,2,5038
5,15,4,5,5039
4,1,5,4,5040
10,14,3,2,5041
7,9,6,2,5042
7,5,8,4,5043
10,13,2,5,5044
4,15,3,5,5045
11,4,10,2,5046
12,5,8,3,5047
7,4,5,4,5048
13,14,5,4,5049
9,11,3,2,4948
2,14,9,2,4949
14,6,2,5,4950
10,15,2,3,4951
10,5,2,5,4952
6,10,8,5,4953
13,7,8,2,4954
3,10,10,5,4955
3,5,4,2,4956
15,14,5,2,4957
