12,2,5,6,2551
14,2,9,3,2552
9,11,6,5,2553
9,11,3,7,2554
3,9,5,7,2555
12,15,9,4,2556
14,15,7,10,2557
2,15,10,5,2558
14,11,6,6,2559
6,15,5,11,2560
2,7,7,6,2561
7,14,8,6,2562
14,9,9,4,2563
5,3,5,11,2564
6,1,8,3,2565
11,3,9,5,2566
1,15,3,6,2567
4,7,8,11,2568
11,4,9,3,2569
14,11,9,2,2570
1,11,3,6,2571
2,13,8,3,2572
3,5,2,4,2573
4,11,7,6,2574
6,9,8,3,2575
15,8,10,10,2576
13,9,6,7,2577
12,7,5,4,2578
5,1,3,3,2579
14,7,3,7,2580
12,10,9,6,2581
8,13,7,10,2582
11,13,4,4,2583
15,14,8,7,2584
7,11,9,2,2585
10,13,2,7,2586
10,4,8,11,2587
10,14,6,7,2588
5,2,5,7,2589
14,13,2,11,2590
14,6,9,6,2591
2,15,7,5,2592
2,11,9,3,2593
7,12,6,10,2594
15,3,4,10,2595
4,10,2,11,2596
4,1,5,2,2597
1,3,10,9,2598
4,7,10,9,2599
14,15,3,5,2600
4,9,2,6,2501
1,4,2,2,2502
7,12,4,7,2503
13,15,3,6,2504
11,8,7,11,2505
12,1,5,8,2506
14,8,2,11,2507
6,8,4,6,2508
2,13,7,10,2509
2,9,8,3,2510
