6,3,2,6,3601
11,9,6,7,3602
1,4,9,3,3603
7,8,6,2,3604
15,8,9,6,3605
12,11,3,7,3606
14,7,5,4,3607
2,9,7,6,3608
3,4,7,5,3609
15,7,8,4,3610
5,11,7,3,3611
13,3,3,7,3612
7,8,9,4,3613
12,13,10,9,3614
5,4,3,8,3615
11,8,6,3,3616
4,9,3,9,3617
14,4,3,3,3618
15,4,9,8,3619
5,14,10,8,3620
15,13,8,3,3621
4,14,4,2,3622
14,12,6,6,3623
11,4,5,2,3624
10,2,9,9,3625
11,5,5,7,3626
4,1,5,6,3627
11,14,7,10,3628
10,8,7,2,3629
10,8,2,2,3630
2,5,7,3,3631
5,7,10,11,3632
9,6,2,6,3633
6,10,2,8,3634
1,3,10,7,3635
2,10,5,7,3636
5,13,5,11,3637
15,8,3,9,3638
10,8,10,2,3639
15,3,4,10,3640
5,3,9,5,3641
15,9,7,6,3642
8,3,8,6,3643
9,10,8,3,3644
13,4,10,8,3645
5,9,7,6,3646
3,8,7,4,3647
15,12,2,3,3648
1,8,10,9,3649
11,1,4,10,3650
3,13,10,3,3551
6,11,3,9,3552
4,5,10,4,3553
13,2,10,9,3554
13,2,3,11,3555
2,12,7,2,3556
11,3,10,11,3557
7,14,3,8,3558
14,13,2,2,3559
10,4,4,11,3560
