0,4,184,4,1
0,5,77,4,2
0,7,77,4,3
0,8,272,4,4
0,11,136,4,5
0,12,106,4,6
0,14,320,4,7
0,16,48,4,8
0,19,213,4,9
0,21,301,4,10
0,22,184,4,11
0,24,106,4,12
1,0,77,4,13
1,3,77,4,14
1,8,408,4,15
1,9,204,4,16
1,10,116,4,17
1,11,204,4,18
1,13,77,4,19
1,15,320,4,20
1,19,320,4,21
1,22,282,4,22
2,0,106,4,23
2,1,155,4,24
2,3,106,4,25
2,10,155,4,26
2,15,437,4,27
2,18,106,4,28
2,19,437,4,29
2,23,486,4,30
3,0,48,4,31
3,5,77,4,32
3,6,48,4,33
3,8,272,4,34
3,15,213,4,35
3,16,48,4,36
3,17,136,4,37
3,24,106,4,38
4,1,282,4,39
4,2,379,4,40
4,3,184,4,41
4,6,184,4,42
4,10,282,4,43
4,11,476,4,44
4,15,768,4,45
4,16,184,4,46
4,18,184,4,47
4,20,184,4,48
4,21,1050,4,49
4,24,379,4,50