1,7,4,4,901
10,6,10,3,902
5,2,5,5,903
8,4,9,6,904
6,4,9,5,905
9,2,7,2,906
14,3,10,4,907
4,6,8,8,908
3,7,8,7,909
14,2,7,6,910
12,14,4,7,911
2,8,6,9,912
11,6,7,10,913
4,3,5,3,914
14,15,7,5,915
1,6,5,2,916
1,6,9,8,917
3,5,4,8,918
13,6,8,7,919
1,7,6,9,920
3,10,4,3,921
10,7,10,5,922
8,12,8,3,923
3,11,6,6,924
15,3,5,6,925
10,4,3,7,926
13,9,2,9,927
8,2,9,10,928
8,2,3,10,929
11,8,9,9,930
14,1,8,3,931
2,3,8,11,932
4,2,6,7,933
14,1,6,11,934
1,11,3,5,935
6,8,10,3,936
15,5,7,5,937
7,9,10,8,938
3,7,9,4,939
10,14,5,8,940
15,11,10,9,941
14,12,10,4,942
7,6,9,8,943
11,4,10,10,944
5,8,9,4,945
9,6,8,3,946
7,6,4,8,947
12,13,7,7,948
12,9,10,7,949
2,4,2,8,950
9,12,7,5,851
7,8,9,5,852
7,6,2,9,853
6,2,3,2,854
9,5,4,4,855
5,8,7,6,856
2,13,5,4,857
6,4,6,3,858
1,4,10,2,859
15,3,7,3,860
