5,9,5,10,2451
9,13,3,11,2452
4,12,2,9,2453
9,2,6,11,2454
4,5,4,7,2455
3,10,10,5,2456
1,11,4,7,2457
15,5,10,4,2458
15,7,9,10,2459
9,12,2,6,2460
15,14,6,2,2461
1,15,10,10,2462
15,2,2,11,2463
14,6,8,11,2464
2,3,7,9,2465
1,6,6,3,2466
3,4,10,2,2467
14,13,10,7,2468
14,8,2,10,2469
2,15,3,10,2470
8,14,9,2,2471
4,12,9,6,2472
5,14,7,9,2473
11,10,8,8,2474
15,3,2,4,2475
15,2,8,2,2476
9,6,6,8,2477
1,2,8,2,2478
5,2,10,5,2479
13,6,6,6,2480
7,14,10,5,2481
7,13,3,10,2482
15,9,8,4,2483
6,10,2,7,2484
7,13,4,10,2485
4,2,10,2,2486
14,1,10,3,2487
12,15,8,3,2488
6,15,2,9,2489
11,3,4,5,2490
3,13,9,4,2491
15,5,2,10,2492
15,14,7,2,2493
8,7,6,6,2494
4,12,2,11,2495
4,14,7,10,2496
7,10,4,9,2497
13,4,8,3,2498
3,5,3,5,2499
10,1,5,3,2500
11,5,2,6,2401
14,5,10,10,2402
13,7,6,9,2403
3,7,4,11,2404
15,4,5,11,2405
11,14,6,2,2406
14,2,9,8,2407
15,10,7,7,2408
13,5,3,2,2409
13,1,3,2,2410
