9,11,5,2,4948
2,14,8,2,4949
14,6,7,5,4950
10,15,4,3,4951
10,5,9,5,4952
6,10,4,5,4953
13,7,2,2,4954
3,10,5,5,4955
3,5,2,2,4956
15,14,9,2,4957
1,14,7,5,4958
8,5,9,3,4959
14,8,6,2,4960
3,12,6,2,4961
10,4,4,5,4962
11,13,7,4,4963
4,1,3,4,4964
15,13,6,4,4965
12,15,5,3,4966
4,11,3,4,4967
7,15,9,4,4968
4,15,8,3,4969
3,14,5,5,4970
7,1,2,5,4971
8,2,2,4,4972
9,2,7,5,4973
14,13,4,4,4974
14,4,7,2,4975
12,8,4,4,4976
2,11,6,4,4977
15,1,7,2,4978
1,7,5,4,4979
4,14,7,3,4980
5,6,9,3,4981
10,3,4,3,4982
14,2,4,2,4983
6,7,7,2,4984
13,10,2,4,4985
9,10,8,2,4986
8,9,5,3,4987
12,5,5,5,4988
8,4,10,3,4989
3,15,3,4,4990
3,12,2,3,4991
15,10,5,4,4992
1,3,5,2,4993
3,6,7,5,4994
4,9,10,3,4995
12,5,9,3,4996
11,8,10,4,4997
10,14,5,4,4998
6,7,6,3,4897
2,10,7,5,4898
12,5,2,4,4899
11,4,9,2,4900
9,6,8,3,4901
1,4,3,3,4902
1,7,7,5,4903
11,15,2,4,4904
14,9,9,4,4905
7,11,2,3,4906
