5,4,10,10,4651
8,10,3,3,4652
4,13,3,10,4653
7,9,3,3,4654
4,3,9,6,4655
4,2,4,4,4656
5,8,9,6,4657
1,15,5,8,4658
14,2,9,10,4659
2,10,4,10,4660
4,12,2,3,4661
1,2,3,10,4662
13,7,10,2,4663
12,7,6,6,4664
6,1,9,3,4665
7,3,3,4,4666
11,13,6,7,4667
15,12,2,10,4668
4,5,5,7,4669
14,7,5,6,4670
11,9,9,5,4671
2,4,7,5,4672
11,7,4,4,4673
6,4,3,10,4674
12,9,9,9,4675
6,7,4,9,4676
13,5,10,11,4677
14,8,10,10,4678
1,14,7,8,4679
4,12,6,6,4680
4,1,2,8,4681
1,2,4,4,4682
10,4,10,7,4683
6,10,2,9,4684
7,12,4,4,4685
11,3,9,7,4686
3,13,4,5,4687
11,13,7,3,4688
5,6,2,6,4689
3,2,6,6,4690
5,11,7,3,4691
5,8,10,6,4692
4,13,6,8,4693
12,9,3,4,4694
10,1,7,7,4695
2,13,4,4,4696
10,4,3,11,4697
12,2,6,2,4698
4,3,3,4,4699
5,10,7,5,4700
10,8,5,4,4601
5,13,3,7,4602
14,9,2,4,4603
2,4,10,10,4604
8,15,5,9,4605
10,2,9,3,4606
1,12,5,2,4607
1,4,6,2,4608
7,5,4,2,4609
14,13,5,9,4610
