4,7,8,6,2701
5,14,6,5,2702
14,8,9,7,2703
2,5,9,10,2704
5,12,5,11,2705
7,3,7,3,2706
9,10,10,7,2707
7,2,5,10,2708
2,15,4,8,2709
15,8,2,7,2710
5,14,7,4,2711
12,14,8,11,2712
14,1,5,6,2713
7,11,6,3,2714
4,15,5,8,2715
1,11,5,10,2716
5,10,3,9,2717
6,12,4,3,2718
6,9,7,10,2719
12,9,10,9,2720
7,8,5,4,2721
12,10,8,11,2722
10,9,3,11,2723
2,4,5,2,2724
2,7,9,10,2725
3,4,5,8,2726
9,8,10,11,2727
6,5,9,3,2728
3,11,4,8,2729
8,4,3,11,2730
6,12,5,4,2731
5,11,2,8,2732
6,14,9,11,2733
3,2,4,11,2734
12,15,9,6,2735
1,8,9,8,2736
2,7,3,7,2737
15,6,2,4,2738
8,1,9,5,2739
5,10,4,8,2740
10,12,7,7,2741
14,10,8,8,2742
10,8,4,6,2743
10,13,2,6,2744
4,12,4,9,2745
3,7,7,2,2746
1,2,10,5,2747
1,13,4,11,2748
10,15,6,11,2749
8,7,3,6,2750
13,11,6,8,2651
4,12,6,2,2652
9,5,5,6,2653
10,12,5,4,2654
2,4,2,11,2655
2,4,8,2,2656
9,8,6,11,2657
9,12,5,11,2658
14,6,3,11,2659
2,1,6,10,2660
