12,6,5,3,4795
5,13,4,5,4796
1,3,10,4,4797
2,12,10,4,4798
3,14,3,2,4799
14,6,10,4,4800
14,2,3,2,4801
10,13,7,2,4802
15,14,10,4,4803
3,1,3,5,4804
5,14,7,3,4805
5,12,6,3,4806
15,14,5,5,4807
15,4,5,2,4808
12,3,5,4,4809
15,3,6,3,4810
6,15,3,2,4811
14,5,9,5,4812
14,13,2,5,4813
8,15,5,5,4814
9,8,5,2,4815
12,9,3,5,4816
2,7,10,4,4817
11,7,6,5,4818
7,2,2,5,4819
8,10,9,2,4820
3,11,10,4,4821
12,8,4,4,4822
6,15,8,3,4823
7,2,3,2,4824
11,9,9,2,4825
13,7,3,2,4826
10,13,2,3,4827
6,11,9,5,4828
15,8,5,5,4829
14,7,5,3,4830
3,4,9,2,4831
12,8,2,5,4832
8,14,7,2,4833
2,3,7,2,4834
9,1,3,3,4835
14,12,10,5,4836
4,2,9,3,4837
1,7,10,2,4838
15,10,8,2,4839
9,5,3,3,4840
10,8,4,4,4841
6,2,2,5,4842
15,14,5,5,4843
3,11,10,4,4844
13,5,8,5,4845
13,9,3,4,4744
7,13,7,4,4745
2,6,8,2,4746
1,3,4,4,4747
12,15,9,2,4748
7,11,2,4,4749
10,13,3,5,4750
2,12,5,3,4751
4,13,8,4,4752
7,5,4,2,4753
