6,12,5,5,3051
4,8,10,8,3052
9,10,8,5,3053
5,9,9,2,3054
14,6,9,8,3055
15,5,3,2,3056
2,15,7,9,3057
2,10,5,2,3058
8,11,8,2,3059
4,3,7,8,3060
8,5,8,10,3061
4,11,5,6,3062
9,10,2,4,3063
4,10,5,5,3064
6,13,9,6,3065
1,8,4,5,3066
7,6,9,5,3067
1,6,4,2,3068
12,1,10,2,3069
13,3,10,7,3070
7,2,8,10,3071
7,9,2,7,3072
4,7,3,4,3073
13,3,9,4,3074
10,12,6,9,3075
15,1,3,7,3076
1,7,5,7,3077
8,6,3,9,3078
3,6,9,4,3079
6,11,10,4,3080
4,15,6,7,3081
5,8,10,3,3082
7,3,10,2,3083
5,4,9,4,3084
9,4,7,11,3085
15,13,9,5,3086
8,1,6,7,3087
3,4,4,5,3088
4,15,10,5,3089
15,6,7,11,3090
13,6,4,7,3091
4,1,3,11,3092
10,5,5,9,3093
5,10,8,3,3094
1,14,6,7,3095
10,2,4,6,3096
15,12,10,10,3097
13,12,3,5,3098
9,13,2,9,3099
2,8,4,8,3100
3,6,2,4,3001
14,1,4,5,3002
7,9,7,3,3003
9,8,5,2,3004
6,12,8,2,3005
14,1,2,7,3006
9,4,10,9,3007
14,9,10,3,3008
10,13,2,11,3009
11,12,10,10,3010
