4,9,2,5,1735
14,2,9,3,1736
9,13,9,5,1737
11,3,4,4,1738
6,3,9,4,1739
5,1,5,4,1740
15,4,4,5,1741
9,15,10,2,1742
6,7,9,4,1743
7,15,6,2,1744
15,8,6,4,1745
6,3,7,3,1746
6,7,9,2,1747
1,9,2,4,1748
6,5,5,5,1749
11,13,4,5,1750
15,2,2,3,1751
15,4,5,4,1752
3,1,3,5,1753
7,15,8,5,1754
14,11,8,5,1755
4,14,8,3,1756
1,15,4,4,1757
10,13,3,5,1758
7,13,3,5,1759
12,9,10,5,1760
11,12,2,5,1761
15,10,3,3,1762
11,14,5,2,1763
3,1,9,5,1764
3,11,8,3,1765
8,3,7,4,1766
1,8,6,2,1767
8,9,3,4,1768
2,10,7,4,1769
3,4,8,4,1770
15,13,6,3,1771
7,4,4,3,1772
5,12,7,3,1773
3,9,7,5,1774
10,5,7,2,1775
6,10,3,5,1776
12,15,2,3,1777
9,10,10,4,1778
3,7,8,2,1779
14,11,8,4,1780
7,15,2,2,1781
5,10,7,5,1782
1,14,10,3,1783
9,12,10,5,1784
14,8,7,4,1785
9,3,10,4,1684
15,5,8,5,1685
12,13,9,3,1686
2,11,3,2,1687
13,5,2,3,1688
4,12,5,5,1689
5,10,9,2,1690
11,2,4,2,1691
9,4,4,2,1692
2,3,8,2,1693
