9,7,10,3,1990
4,9,8,2,1991
4,12,6,2,1992
4,2,2,3,1993
14,10,7,4,1994
8,5,4,5,1995
2,9,2,3,1996
8,7,9,5,1997
1,9,7,5,1998
13,11,8,3,1999
14,2,2,2,2000
3,4,3,4,2001
15,5,6,3,2002
12,8,8,3,2003
1,8,5,2,2004
7,14,9,2,2005
5,15,9,5,2006
7,2,6,3,2007
8,15,2,3,2008
15,5,10,3,2009
6,5,7,5,2010
5,11,10,2,2011
8,6,6,5,2012
5,11,9,5,2013
15,10,4,2,2014
3,12,6,5,2015
5,11,3,2,2016
9,1,10,2,2017
8,12,9,3,2018
10,5,4,4,2019
11,3,5,2,2020
9,13,10,4,2021
2,6,5,3,2022
2,13,4,4,2023
11,9,7,5,2024
5,9,3,3,2025
4,10,5,5,2026
15,5,2,5,2027
11,14,4,5,2028
4,5,3,5,2029
9,8,3,4,2030
1,10,2,5,2031
10,12,3,2,2032
1,12,7,2,2033
15,5,7,3,2034
3,1,7,2,2035
4,10,5,5,2036
5,2,4,2,2037
1,11,9,3,2038
6,13,4,5,2039
6,10,7,3,2040
14,12,2,3,1939
15,6,7,2,1940
15,3,2,4,1941
9,14,6,2,1942
10,3,8,4,1943
3,8,3,2,1944
5,8,7,4,1945
10,7,8,5,1946
8,6,7,3,1947
12,9,10,2,1948
