10,4,6,4,2959
10,14,10,3,2960
5,11,2,5,2961
9,14,6,4,2962
13,8,6,4,2963
5,6,6,3,2964
12,15,5,2,2965
12,10,6,5,2966
11,5,4,5,2967
3,6,6,2,2968
5,4,7,4,2969
3,15,3,4,2970
12,10,10,2,2971
11,15,10,5,2972
14,13,5,2,2973
5,8,7,5,2974
11,4,3,3,2975
7,9,10,4,2976
3,13,8,4,2977
7,15,10,2,2978
4,13,7,4,2979
6,8,8,2,2980
5,9,8,2,2981
2,4,9,3,2982
9,4,6,3,2983
14,9,5,2,2984
10,4,9,3,2985
9,15,4,3,2986
8,2,8,4,2987
14,12,5,4,2988
7,14,6,3,2989
7,12,6,5,2990
5,11,10,3,2991
1,15,10,3,2992
11,8,5,4,2993
6,8,3,5,2994
3,10,4,2,2995
8,13,2,2,2996
15,4,2,5,2997
1,2,3,5,2998
14,5,6,3,2999
11,14,9,3,3000
12,15,9,4,3001
9,5,10,2,3002
12,1,7,5,3003
13,3,5,4,3004
12,1,5,4,3005
4,13,8,3,3006
12,11,9,5,3007
6,14,2,4,3008
7,2,9,3,3009
5,11,5,2,2908
15,8,8,4,2909
6,3,6,5,2910
8,14,3,2,2911
14,15,7,2,2912
5,4,7,4,2913
6,1,2,2,2914
3,8,4,3,2915
13,6,10,2,2916
8,1,7,3,2917
