3,13,7,11,4951
2,8,5,4,4952
5,8,6,6,4953
3,4,3,4,4954
7,14,3,6,4955
4,12,3,6,4956
5,1,5,9,4957
1,8,7,8,4958
1,8,3,3,4959
1,9,4,8,4960
7,14,9,3,4961
12,1,6,4,4962
3,2,9,8,4963
3,7,5,3,4964
1,12,7,7,4965
4,8,2,3,4966
1,15,4,7,4967
1,4,2,8,4968
15,14,10,6,4969
1,7,6,8,4970
15,11,3,3,4971
7,10,9,4,4972
6,13,8,10,4973
7,8,8,3,4974
2,8,8,3,4975
7,12,6,5,4976
8,9,9,8,4977
15,3,10,9,4978
12,10,5,10,4979
11,3,5,4,4980
8,11,6,10,4981
15,6,10,5,4982
4,9,7,6,4983
12,9,5,7,4984
7,11,9,7,4985
6,11,6,3,4986
8,14,3,6,4987
15,5,6,5,4988
13,9,5,11,4989
2,11,8,7,4990
6,5,2,10,4991
9,10,6,7,4992
14,6,6,8,4993
1,12,5,4,4994
2,10,9,3,4995
1,13,3,11,4996
15,2,8,2,4997
9,14,5,11,4998
3,1,9,9,4999
9,13,4,10,5000
3,13,6,2,4901
4,7,8,2,4902
5,8,9,6,4903
7,9,4,3,4904
14,2,6,6,4905
2,11,4,11,4906
14,6,9,4,4907
4,9,7,10,4908
4,13,9,10,4909
1,2,5,2,4910
