14,1,4,9,1
15,12,8,10,2
11,15,4,9,3
10,1,9,11,4
1,6,10,5,5
9,2,10,2,6
11,1,8,6,7
1,8,4,5,8
8,5,2,2,9
7,10,10,5,10
14,11,6,3,11
8,4,4,5,12
9,15,10,10,13
15,14,4,11,14
6,11,7,4,15
7,15,8,11,16
7,10,6,8,17
7,14,2,5,18
10,13,6,11,19
3,4,6,4,20
13,10,7,5,21
3,5,3,9,22
3,5,2,9,23
8,10,2,4,24
5,9,7,8,25
4,12,4,5,26
2,15,8,10,27
10,6,6,7,28
8,10,7,11,29
7,6,5,11,30
13,5,4,7,31
15,7,5,5,32
7,15,8,11,33
14,8,3,8,34
15,8,7,10,35
5,13,9,6,36
10,12,3,6,37
9,3,3,3,38
11,14,8,4,39
3,15,6,11,40
8,4,2,3,41
15,13,6,7,42
3,1,10,10,43
3,13,4,7,44
14,9,4,2,45
11,7,9,2,46
2,1,6,2,47
5,8,9,7,48
6,4,8,3,49
7,3,5,6,50
