11,8,2,5,3101
4,3,6,7,3102
5,6,3,10,3103
3,15,4,9,3104
9,10,9,3,3105
2,5,7,7,3106
11,6,10,7,3107
14,2,7,11,3108
7,15,5,3,3109
4,3,6,2,3110
3,8,9,5,3111
6,15,3,10,3112
8,2,2,8,3113
2,5,2,8,3114
15,10,2,7,3115
15,5,7,10,3116
14,4,3,4,3117
11,12,4,3,3118
15,7,9,3,3119
13,3,8,8,3120
13,10,4,6,3121
2,13,2,2,3122
9,8,4,3,3123
12,3,9,5,3124
1,12,8,7,3125
14,5,4,2,3126
7,2,3,9,3127
10,3,10,6,3128
4,9,9,8,3129
2,10,2,6,3130
7,11,4,5,3131
10,6,10,8,3132
15,5,4,7,3133
11,10,7,11,3134
7,15,2,11,3135
11,7,8,5,3136
9,14,8,2,3137
11,2,7,11,3138
8,14,3,3,3139
9,11,9,10,3140
8,2,4,4,3141
4,2,5,2,3142
9,12,7,6,3143
9,1,3,2,3144
1,11,6,5,3145
2,10,9,11,3146
7,2,8,11,3147
5,14,4,4,3148
6,10,5,3,3149
15,2,5,7,3150
1,5,7,8,3051
7,6,9,9,3052
14,8,7,10,3053
4,15,5,4,3054
2,15,5,4,3055
1,4,7,2,3056
14,6,10,8,3057
7,4,4,5,3058
11,9,7,11,3059
11,3,8,2,3060
