4,5,3,5,2857
11,5,9,2,2858
12,4,10,3,2859
14,11,10,3,2860
13,1,6,4,2861
3,12,4,5,2862
6,11,10,3,2863
9,13,2,3,2864
6,10,4,4,2865
13,5,7,3,2866
5,1,2,2,2867
8,2,4,5,2868
8,3,5,4,2869
14,4,7,3,2870
3,8,3,4,2871
15,5,7,4,2872
4,12,5,5,2873
9,10,7,5,2874
8,9,3,4,2875
11,12,8,5,2876
2,14,4,5,2877
9,3,2,3,2878
6,11,4,5,2879
2,15,6,5,2880
12,6,7,3,2881
14,6,9,5,2882
2,9,10,4,2883
8,12,2,4,2884
12,3,6,3,2885
13,8,10,3,2886
4,9,8,4,2887
15,3,2,2,2888
6,15,3,4,2889
1,5,6,2,2890
9,6,6,5,2891
10,14,9,4,2892
4,10,5,3,2893
6,14,6,4,2894
3,9,2,3,2895
8,1,5,3,2896
7,12,6,4,2897
11,9,2,2,2898
13,11,10,5,2899
3,9,3,3,2900
11,7,2,3,2901
2,7,2,3,2902
6,9,10,3,2903
14,8,5,3,2904
11,14,6,4,2905
6,9,5,4,2906
1,5,6,5,2907
8,3,3,3,2806
4,12,9,4,2807
11,12,6,3,2808
14,5,4,2,2809
8,7,6,4,2810
4,14,3,2,2811
14,11,10,5,2812
2,1,9,2,2813
12,15,3,4,2814
7,9,6,5,2815
