5,11,7,2,2908
15,8,9,4,2909
6,3,10,5,2910
8,14,8,2,2911
14,15,9,2,2912
5,4,2,4,2913
6,1,10,2,2914
3,8,3,3,2915
13,6,7,2,2916
8,1,3,3,2917
7,14,8,4,2918
8,13,7,3,2919
9,3,3,2,2920
7,6,5,4,2921
1,6,8,4,2922
15,2,6,2,2923
5,7,5,4,2924
5,15,6,2,2925
14,15,10,4,2926
13,8,5,4,2927
12,11,10,2,2928
11,15,8,5,2929
1,12,8,2,2930
7,12,6,4,2931
1,12,9,3,2932
6,8,9,2,2933
5,7,9,3,2934
14,1,10,5,2935
5,9,3,5,2936
2,4,3,5,2937
12,5,8,5,2938
4,13,2,4,2939
15,10,8,3,2940
12,4,2,2,2941
2,15,8,4,2942
9,11,10,5,2943
14,2,4,5,2944
7,9,6,2,2945
3,14,7,3,2946
9,13,8,4,2947
10,5,8,2,2948
1,14,5,5,2949
14,2,7,4,2950
6,3,9,5,2951
9,10,9,2,2952
2,10,8,2,2953
13,6,10,2,2954
6,15,6,5,2955
8,12,8,5,2956
9,2,4,5,2957
1,2,3,5,2958
4,5,7,5,2857
11,5,7,2,2858
12,4,3,3,2859
14,11,9,3,2860
13,1,4,4,2861
3,12,7,5,2862
6,11,5,3,2863
9,13,10,3,2864
6,10,3,4,2865
13,5,8,3,2866
