14,15,4,4,4030
11,8,4,2,4031
3,10,6,4,4032
13,4,10,4,4033
6,10,9,3,4034
15,10,3,4,4035
6,3,5,4,4036
1,6,8,2,4037
1,4,5,5,4038
12,9,2,4,4039
13,9,5,5,4040
13,6,4,5,4041
13,7,5,3,4042
6,7,3,2,4043
9,5,9,5,4044
1,5,5,3,4045
3,7,9,2,4046
14,11,3,5,4047
15,2,4,3,4048
8,10,7,2,4049
3,2,3,4,4050
4,15,4,5,4051
6,5,9,2,4052
10,3,5,5,4053
2,15,9,5,4054
5,11,2,4,4055
15,9,5,5,4056
4,12,9,5,4057
7,2,3,2,4058
14,3,7,5,4059
9,7,2,2,4060
14,11,4,5,4061
5,6,8,3,4062
7,15,6,3,4063
6,1,4,4,4064
5,14,4,5,4065
10,2,10,4,4066
13,2,5,4,4067
1,4,6,2,4068
1,3,7,3,4069
4,2,8,3,4070
11,4,10,2,4071
5,14,3,3,4072
5,12,9,4,4073
9,4,10,3,4074
10,12,2,4,4075
15,10,10,4,4076
9,3,5,3,4077
5,11,3,2,4078
13,1,4,3,4079
13,4,2,4,4080
15,7,10,2,3979
6,15,4,5,3980
3,13,9,3,3981
2,11,3,5,3982
5,7,8,5,3983
11,4,8,5,3984
14,1,7,2,3985
15,13,7,4,3986
13,3,10,2,3987
12,11,6,3,3988
