5,11,6,8,2151
2,3,2,8,2152
15,9,2,10,2153
9,4,10,5,2154
4,12,3,11,2155
8,3,5,6,2156
9,6,9,8,2157
4,5,4,7,2158
3,2,4,4,2159
2,10,4,8,2160
11,3,6,10,2161
12,6,7,6,2162
2,5,2,11,2163
13,12,4,7,2164
7,3,10,5,2165
12,8,9,10,2166
3,13,5,3,2167
15,13,10,11,2168
6,11,10,5,2169
15,10,5,10,2170
13,8,3,3,2171
5,14,10,11,2172
8,9,6,9,2173
9,3,6,8,2174
8,3,7,6,2175
6,15,4,10,2176
10,15,9,4,2177
6,4,3,4,2178
3,5,7,2,2179
6,2,7,9,2180
15,6,9,4,2181
15,8,5,2,2182
5,3,7,10,2183
8,12,3,10,2184
9,4,5,5,2185
3,7,4,4,2186
11,2,2,9,2187
3,13,2,5,2188
1,13,7,10,2189
9,1,2,2,2190
2,5,5,9,2191
14,4,6,3,2192
8,13,2,3,2193
15,6,5,10,2194
14,12,6,8,2195
2,3,2,11,2196
15,6,2,8,2197
12,13,10,10,2198
8,4,2,3,2199
14,11,7,9,2200
3,4,6,11,2101
14,1,6,11,2102
14,10,8,11,2103
9,5,6,2,2104
7,14,7,5,2105
5,8,6,4,2106
1,7,9,10,2107
14,7,2,2,2108
5,1,9,9,2109
6,3,2,8,2110
