15,3,8,10,1051
15,6,5,11,1052
4,12,10,7,1053
4,10,3,9,1054
11,10,9,2,1055
4,2,2,9,1056
8,12,10,6,1057
1,4,5,7,1058
9,10,9,5,1059
13,3,9,5,1060
1,15,3,8,1061
14,6,8,9,1062
7,2,10,9,1063
5,3,10,3,1064
9,3,4,11,1065
3,11,5,8,1066
11,8,8,3,1067
12,3,6,9,1068
7,15,8,8,1069
3,5,6,9,1070
5,3,10,7,1071
7,12,9,8,1072
11,1,4,10,1073
15,7,7,5,1074
14,10,3,4,1075
2,11,3,2,1076
1,9,7,8,1077
3,8,8,6,1078
12,15,9,11,1079
2,4,4,6,1080
4,14,10,7,1081
11,3,8,2,1082
7,4,7,3,1083
5,7,10,7,1084
3,2,7,7,1085
3,2,9,8,1086
10,11,10,4,1087
1,14,4,9,1088
13,8,9,10,1089
10,5,10,5,1090
15,4,8,6,1091
8,9,7,8,1092
11,4,10,5,1093
14,5,6,2,1094
12,8,6,2,1095
4,14,5,4,1096
2,7,9,6,1097
8,6,10,7,1098
7,14,2,8,1099
12,2,6,11,1100
5,12,5,7,1001
13,15,8,11,1002
12,6,7,3,1003
3,10,8,6,1004
12,14,6,11,1005
7,11,8,9,1006
14,11,10,10,1007
11,10,3,10,1008
3,8,4,3,1009
10,15,10,2,1010
