2,3,5,10,2101
10,11,9,8,2102
13,1,5,2,2103
9,2,4,5,2104
8,4,7,11,2105
4,9,9,8,2106
5,9,2,6,2107
7,8,10,11,2108
4,13,9,6,2109
5,2,9,7,2110
9,4,4,11,2111
12,9,3,8,2112
6,15,2,4,2113
11,2,5,4,2114
7,14,2,4,2115
3,6,6,4,2116
13,3,10,5,2117
7,11,9,8,2118
3,14,4,6,2119
13,7,10,9,2120
12,1,5,8,2121
8,1,5,10,2122
15,10,8,2,2123
3,12,4,2,2124
10,13,3,4,2125
10,2,5,8,2126
5,3,9,2,2127
3,1,9,3,2128
3,11,7,11,2129
6,15,2,3,2130
8,15,6,5,2131
1,3,9,4,2132
2,6,10,9,2133
10,12,9,4,2134
15,1,2,11,2135
11,4,7,9,2136
7,1,7,10,2137
10,1,6,10,2138
2,14,6,10,2139
7,4,5,4,2140
6,9,6,11,2141
10,12,4,9,2142
9,11,4,2,2143
1,12,6,4,2144
7,5,4,2,2145
12,11,7,3,2146
10,4,10,9,2147
12,10,10,5,2148
12,1,7,8,2149
4,9,10,8,2150
7,15,3,9,2051
6,13,2,4,2052
1,11,7,10,2053
6,3,3,3,2054
3,2,5,11,2055
8,12,6,2,2056
3,8,4,3,2057
7,1,4,8,2058
12,3,3,10,2059
15,1,5,6,2060
