6,4,10,2,3061
13,9,7,2,3062
5,11,5,5,3063
11,1,2,4,3064
11,14,6,3,3065
15,9,4,3,3066
11,13,5,3,3067
6,1,3,3,3068
4,12,5,4,3069
5,10,4,2,3070
12,3,10,5,3071
4,3,9,5,3072
5,9,2,2,3073
3,6,5,2,3074
12,8,10,5,3075
7,8,2,4,3076
4,14,5,5,3077
5,6,6,5,3078
11,8,8,5,3079
3,13,2,4,3080
5,10,5,5,3081
5,1,3,3,3082
7,8,2,4,3083
1,13,9,4,3084
11,7,4,5,3085
5,14,2,4,3086
2,5,5,4,3087
8,14,8,5,3088
10,8,4,4,3089
15,9,5,5,3090
2,10,4,2,3091
12,3,10,4,3092
14,10,9,3,3093
6,10,3,5,3094
12,15,8,5,3095
10,3,6,2,3096
12,5,6,4,3097
5,11,7,3,3098
9,8,7,5,3099
9,14,4,5,3100
6,3,9,4,3101
7,14,8,3,3102
13,3,7,4,3103
7,9,6,4,3104
6,9,6,5,3105
4,15,10,3,3106
8,1,5,3,3107
7,8,2,3,3108
2,7,8,5,3109
5,9,10,4,3110
9,15,2,2,3111
13,1,9,3,3010
3,1,9,5,3011
1,6,7,5,3012
11,1,7,5,3013
13,8,8,3,3014
10,6,5,2,3015
10,7,7,5,3016
8,2,7,3,3017
8,3,7,2,3018
7,13,5,5,3019
