7,6,6,11,1301
3,12,10,9,1302
11,1,7,7,1303
3,4,8,8,1304
12,1,3,11,1305
15,4,3,5,1306
3,2,2,5,1307
5,11,4,5,1308
14,1,2,4,1309
6,12,10,2,1310
14,10,2,2,1311
15,6,8,3,1312
11,3,10,10,1313
8,3,9,4,1314
14,15,4,2,1315
3,11,8,5,1316
11,4,10,6,1317
13,15,6,6,1318
7,10,9,3,1319
8,13,10,10,1320
1,13,5,4,1321
15,13,3,3,1322
8,1,2,2,1323
15,11,9,9,1324
2,11,4,3,1325
14,7,10,10,1326
13,8,8,9,1327
4,5,7,3,1328
5,3,7,8,1329
11,2,3,2,1330
10,4,5,11,1331
5,9,8,3,1332
7,6,8,7,1333
2,3,9,2,1334
15,4,3,4,1335
10,3,4,2,1336
13,5,7,11,1337
9,10,3,11,1338
1,15,4,11,1339
1,7,7,10,1340
3,12,10,6,1341
12,13,3,10,1342
13,9,8,4,1343
11,1,8,3,1344
12,5,7,5,1345
14,12,4,2,1346
14,15,3,11,1347
4,8,2,5,1348
9,11,4,7,1349
8,13,6,11,1350
8,13,6,11,1251
4,11,10,7,1252
6,4,6,3,1253
13,8,6,6,1254
1,6,5,5,1255
5,11,10,2,1256
13,10,2,11,1257
7,14,9,6,1258
15,11,8,10,1259
11,6,7,11,1260
