8,3,10,4,751
13,3,4,9,752
11,6,5,4,753
8,1,5,8,754
11,5,7,10,755
12,5,5,3,756
1,15,5,9,757
6,10,7,5,758
15,6,9,7,759
12,5,10,2,760
10,5,7,2,761
8,13,7,10,762
13,6,7,10,763
3,12,7,5,764
10,13,10,2,765
12,14,3,8,766
7,4,7,7,767
13,4,6,5,768
5,9,2,5,769
9,2,6,7,770
5,2,5,9,771
13,9,3,9,772
5,14,6,10,773
6,3,2,5,774
7,5,3,11,775
13,10,2,8,776
2,13,2,10,777
10,12,9,8,778
3,2,3,10,779
7,15,3,3,780
4,15,6,4,781
9,13,8,5,782
14,8,8,11,783
9,3,5,6,784
7,6,4,10,785
9,11,9,2,786
15,7,8,8,787
11,4,2,7,788
14,13,3,7,789
4,12,6,11,790
7,6,7,6,791
2,4,7,3,792
12,8,4,4,793
8,9,8,8,794
3,7,8,10,795
13,12,3,10,796
3,15,2,3,797
1,2,5,8,798
1,11,2,10,799
1,13,6,11,800
10,6,4,4,701
2,8,2,3,702
4,9,6,3,703
15,9,10,10,704
8,3,10,5,705
14,3,10,4,706
9,6,4,2,707
12,3,2,2,708
12,7,2,7,709
5,9,8,2,710
