9,12,4,5,851
7,8,6,5,852
7,6,8,9,853
6,2,8,2,854
9,5,3,4,855
5,8,9,6,856
2,13,10,4,857
6,4,4,3,858
1,4,7,2,859
15,3,5,3,860
7,1,8,2,861
14,2,3,7,862
9,11,2,8,863
8,4,9,6,864
1,3,7,8,865
2,12,4,5,866
8,13,6,6,867
6,1,7,11,868
1,2,5,11,869
6,14,2,9,870
14,10,4,6,871
5,13,10,4,872
15,12,6,10,873
3,6,2,4,874
15,1,10,7,875
14,5,7,2,876
13,14,6,6,877
9,11,3,2,878
7,10,8,4,879
10,6,6,2,880
2,7,7,7,881
4,7,3,7,882
13,1,5,2,883
9,6,2,5,884
4,9,4,9,885
3,10,8,4,886
7,15,4,4,887
10,1,4,5,888
7,15,5,10,889
5,8,10,11,890
6,4,10,10,891
15,1,2,11,892
9,4,6,8,893
6,5,4,5,894
9,15,8,4,895
14,15,9,2,896
3,8,2,3,897
15,7,5,4,898
7,10,7,9,899
1,8,4,9,900
8,10,2,5,801
1,7,4,3,802
5,6,2,7,803
11,6,7,10,804
15,10,9,3,805
6,7,9,11,806
2,6,4,11,807
5,10,4,8,808
1,9,4,5,809
3,9,7,2,810
