13,14,7,2,2245
14,3,10,5,2246
1,7,8,4,2247
6,8,8,4,2248
14,3,5,5,2249
4,7,3,3,2250
1,8,10,2,2251
3,11,6,3,2252
4,5,2,5,2253
3,6,6,2,2254
2,7,8,5,2255
9,13,3,3,2256
9,7,9,2,2257
7,4,6,3,2258
2,6,9,4,2259
15,4,6,2,2260
11,6,7,4,2261
7,8,8,4,2262
7,12,7,2,2263
7,6,9,5,2264
5,1,4,4,2265
2,12,8,5,2266
8,10,4,5,2267
1,5,8,5,2268
5,8,10,2,2269
2,7,2,3,2270
9,6,10,5,2271
6,13,7,3,2272
5,14,10,4,2273
8,1,2,3,2274
1,2,7,2,2275
5,4,5,3,2276
11,7,8,2,2277
5,13,6,3,2278
2,5,3,4,2279
14,8,10,4,2280
6,4,6,5,2281
8,9,6,2,2282
13,6,6,5,2283
4,10,6,5,2284
2,4,2,3,2285
4,14,4,5,2286
14,1,10,5,2287
9,8,4,2,2288
6,10,9,5,2289
10,5,9,5,2290
3,14,9,3,2291
7,12,8,5,2292
14,8,5,4,2293
9,13,8,4,2294
1,11,5,3,2295
12,10,8,2,2194
7,12,2,4,2195
14,1,9,3,2196
4,6,8,5,2197
9,8,10,2,2198
2,3,2,3,2199
6,1,5,2,2200
7,14,9,4,2201
10,7,5,4,2202
8,5,2,5,2203
