2,15,10,8,101
9,12,5,7,102
1,7,4,9,103
8,3,6,7,104
13,1,3,3,105
4,8,9,5,106
1,2,6,11,107
5,1,4,3,108
10,15,3,9,109
8,4,2,4,110
13,3,7,3,111
12,8,6,6,112
12,13,4,7,113
15,14,2,10,114
7,14,4,11,115
7,4,3,8,116
3,2,9,2,117
9,14,2,11,118
15,14,7,5,119
13,7,10,11,120
11,2,3,4,121
9,1,5,11,122
4,10,9,3,123
5,1,2,3,124
14,2,9,10,125
14,13,5,2,126
7,13,4,11,127
4,8,8,10,128
8,1,4,10,129
10,9,6,10,130
9,8,9,6,131
9,3,8,9,132
10,15,3,10,133
6,7,9,6,134
4,13,3,6,135
1,3,7,9,136
15,6,6,10,137
12,6,3,3,138
12,9,2,6,139
11,12,4,10,140
10,3,6,2,141
9,5,8,11,142
14,7,8,8,143
12,6,2,4,144
4,6,6,11,145
3,1,4,6,146
13,8,10,4,147
12,5,7,6,148
3,6,3,6,149
14,8,6,8,150
1,11,8,2,51
1,5,10,2,52
3,12,6,10,53
6,4,4,8,54
3,5,6,5,55
13,15,10,3,56
5,9,9,5,57
8,13,2,5,58
3,15,5,3,59
2,1,3,5,60
