7,15,10,9,2051
6,13,6,4,2052
1,11,10,10,2053
6,3,7,3,2054
3,2,10,11,2055
8,12,10,2,2056
3,8,9,3,2057
7,1,6,8,2058
12,3,6,10,2059
15,1,2,6,2060
10,2,4,7,2061
10,8,9,3,2062
13,8,5,11,2063
12,1,5,6,2064
5,7,6,4,2065
3,6,3,6,2066
2,14,6,11,2067
4,11,2,7,2068
1,6,10,4,2069
14,7,4,10,2070
8,11,8,10,2071
15,5,2,6,2072
13,15,5,2,2073
6,12,8,9,2074
9,11,2,4,2075
13,11,9,10,2076
3,14,3,6,2077
15,1,9,3,2078
6,14,5,11,2079
2,11,5,11,2080
8,4,6,9,2081
4,2,7,9,2082
12,14,5,7,2083
6,12,8,7,2084
4,8,6,10,2085
4,3,2,11,2086
4,7,4,3,2087
13,2,10,11,2088
10,3,3,6,2089
10,9,6,11,2090
5,14,10,11,2091
1,7,2,8,2092
1,4,5,4,2093
1,9,3,10,2094
13,4,8,7,2095
8,3,7,9,2096
4,2,10,9,2097
3,14,3,7,2098
11,1,10,4,2099
13,2,6,9,2100
12,11,6,10,2001
13,14,9,5,2002
5,12,2,7,2003
12,14,9,7,2004
11,8,3,10,2005
7,11,5,4,2006
15,6,3,11,2007
12,14,5,2,2008
13,7,9,4,2009
11,1,2,4,2010
