8,3,6,3,2806
4,12,7,4,2807
11,12,8,3,2808
14,5,9,2,2809
8,7,3,4,2810
4,14,2,2,2811
14,11,7,5,2812
2,1,4,2,2813
12,15,4,4,2814
7,9,8,5,2815
10,13,3,5,2816
9,2,9,2,2817
10,3,6,4,2818
9,4,3,5,2819
4,10,3,4,2820
4,8,6,5,2821
10,13,3,2,2822
11,15,8,3,2823
7,2,4,5,2824
8,2,8,5,2825
12,1,4,4,2826
4,6,10,5,2827
7,8,5,5,2828
13,11,2,3,2829
1,4,3,2,2830
4,13,9,4,2831
12,6,2,5,2832
12,11,7,5,2833
13,3,9,4,2834
4,1,7,4,2835
13,9,4,4,2836
9,6,4,3,2837
5,8,2,5,2838
14,3,4,4,2839
9,14,6,2,2840
1,10,4,4,2841
6,4,5,5,2842
4,12,8,4,2843
9,3,8,4,2844
14,11,4,4,2845
7,13,4,4,2846
10,4,4,5,2847
3,14,2,3,2848
11,3,4,3,2849
2,14,10,4,2850
4,11,4,4,2851
5,2,8,3,2852
10,15,8,4,2853
9,10,4,2,2854
10,8,3,5,2855
7,5,4,3,2856
15,14,10,5,2755
11,12,6,4,2756
12,4,4,4,2757
12,3,6,4,2758
1,8,2,5,2759
9,3,6,2,2760
5,13,9,4,2761
7,13,6,2,2762
3,14,5,3,2763
12,9,6,5,2764
