11,6,8,9,4251
15,8,9,5,4252
4,3,5,3,4253
4,2,7,11,4254
12,5,3,11,4255
2,12,6,5,4256
8,3,6,6,4257
7,3,10,4,4258
11,14,3,8,4259
15,4,8,5,4260
4,7,6,2,4261
7,9,8,7,4262
11,1,3,2,4263
9,7,4,2,4264
13,12,7,5,4265
9,8,5,4,4266
1,8,4,6,4267
9,4,10,3,4268
1,12,6,6,4269
13,7,7,2,4270
13,7,6,9,4271
7,14,10,2,4272
15,12,6,4,4273
6,13,4,11,4274
5,10,2,10,4275
6,7,4,4,4276
8,7,2,8,4277
8,3,8,10,4278
11,14,7,5,4279
11,5,5,3,4280
13,4,2,3,4281
14,2,7,7,4282
14,10,3,3,4283
12,9,5,6,4284
10,13,5,5,4285
3,1,7,2,4286
15,14,4,4,4287
3,14,6,9,4288
14,7,10,5,4289
3,9,6,8,4290
8,5,8,2,4291
6,2,7,6,4292
12,8,7,7,4293
3,11,10,8,4294
7,3,6,7,4295
10,12,3,6,4296
1,10,6,4,4297
10,9,4,4,4298
5,2,3,8,4299
2,9,9,5,4300
4,12,7,4,4201
12,13,9,11,4202
13,2,5,3,4203
1,14,8,2,4204
13,3,2,9,4205
4,10,9,10,4206
1,4,10,7,4207
9,15,2,9,4208
3,6,4,6,4209
4,12,7,6,4210
