15,13,7,4,4642
12,11,3,4,4643
13,15,2,4,4644
4,1,7,2,4645
15,3,9,3,4646
9,12,8,4,4647
2,8,9,4,4648
2,13,8,3,4649
6,15,10,5,4650
12,7,3,4,4651
13,2,9,2,4652
7,12,6,4,4653
4,12,5,3,4654
11,12,8,3,4655
12,8,10,4,4656
13,15,10,2,4657
7,2,4,4,4658
7,9,8,4,4659
10,7,7,2,4660
14,12,7,3,4661
1,8,8,5,4662
10,9,10,2,4663
4,1,5,4,4664
13,11,7,2,4665
7,15,6,3,4666
15,14,5,5,4667
14,7,3,2,4668
13,11,2,4,4669
3,8,7,4,4670
10,13,2,4,4671
6,9,2,3,4672
7,13,8,2,4673
12,1,7,4,4674
3,7,3,5,4675
3,7,10,2,4676
15,5,6,2,4677
3,7,9,2,4678
13,11,6,5,4679
4,3,2,2,4680
6,8,5,5,4681
1,11,5,5,4682
15,8,10,5,4683
2,9,6,3,4684
6,8,4,4,4685
11,1,9,5,4686
3,4,6,3,4687
6,8,6,4,4688
9,6,6,4,4689
7,11,3,5,4690
13,12,5,2,4691
14,6,7,3,4692
10,2,2,4,4591
12,4,6,3,4592
15,14,6,3,4593
10,12,6,2,4594
3,11,9,4,4595
12,13,7,5,4596
5,8,5,4,4597
10,5,7,5,4598
8,12,4,5,4599
8,1,7,2,4600
