10,12,7,8,3451
8,14,5,3,3452
8,1,8,3,3453
9,14,3,4,3454
14,1,7,11,3455
13,9,5,2,3456
8,6,8,5,3457
14,2,3,8,3458
2,4,6,6,3459
9,15,7,3,3460
13,2,2,7,3461
3,12,3,7,3462
6,10,8,8,3463
8,13,3,9,3464
3,4,10,2,3465
4,3,10,2,3466
15,1,4,7,3467
12,15,6,3,3468
1,14,3,2,3469
8,9,2,9,3470
2,13,6,2,3471
14,6,5,5,3472
8,10,9,10,3473
4,8,6,11,3474
14,8,5,3,3475
5,12,4,7,3476
1,15,5,2,3477
7,2,3,10,3478
12,7,9,4,3479
6,5,6,4,3480
7,1,2,6,3481
11,8,6,3,3482
9,13,5,3,3483
5,7,7,9,3484
7,13,6,10,3485
5,15,2,9,3486
9,14,4,9,3487
12,1,8,3,3488
5,11,10,3,3489
14,9,8,3,3490
12,14,2,7,3491
12,6,6,5,3492
7,14,4,11,3493
14,3,3,4,3494
14,15,10,11,3495
1,3,9,6,3496
10,7,3,6,3497
7,3,5,2,3498
9,15,3,11,3499
12,10,6,3,3500
1,6,5,6,3401
1,8,5,10,3402
2,9,8,9,3403
8,7,6,6,3404
8,2,7,3,3405
15,4,9,4,3406
12,15,4,11,3407
12,14,9,11,3408
9,3,10,7,3409
1,7,7,5,3410
