6,3,10,3,4301
9,4,7,2,4302
6,15,10,4,4303
12,3,8,3,4304
4,9,10,9,4305
3,10,6,5,4306
6,11,7,7,4307
8,7,10,9,4308
11,7,7,9,4309
9,6,9,7,4310
15,2,3,3,4311
7,15,4,5,4312
5,4,10,3,4313
10,3,9,6,4314
15,8,2,8,4315
6,15,8,10,4316
11,6,2,10,4317
9,13,6,10,4318
4,10,7,2,4319
6,12,9,10,4320
8,11,10,5,4321
7,12,4,8,4322
1,12,5,10,4323
2,3,7,6,4324
13,14,7,4,4325
13,15,4,5,4326
3,2,4,9,4327
7,9,3,3,4328
4,5,8,4,4329
11,14,4,8,4330
7,1,8,6,4331
5,7,7,2,4332
14,1,9,3,4333
5,10,4,4,4334
11,15,2,7,4335
8,3,3,8,4336
1,15,7,3,4337
4,15,2,10,4338
12,1,4,2,4339
3,1,3,6,4340
8,9,6,5,4341
10,6,3,10,4342
10,12,8,3,4343
12,8,9,2,4344
2,10,9,10,4345
5,6,6,5,4346
5,9,3,2,4347
15,1,9,3,4348
15,3,9,5,4349
6,3,9,7,4350
7,8,3,6,4251
1,2,6,9,4252
5,3,5,3,4253
6,4,4,9,4254
5,9,10,9,4255
9,7,8,4,4256
13,1,10,10,4257
8,14,7,9,4258
15,3,3,9,4259
3,11,9,11,4260
