2,1,2,9,551
4,8,5,9,552
8,5,6,8,553
15,5,3,7,554
2,15,3,5,555
15,11,4,6,556
15,10,5,5,557
4,1,8,8,558
6,7,6,8,559
3,5,8,5,560
12,9,4,7,561
9,7,2,3,562
3,2,10,2,563
1,15,8,11,564
13,14,6,8,565
8,14,5,11,566
2,12,10,10,567
10,8,2,5,568
4,6,5,5,569
7,6,3,9,570
7,5,7,9,571
11,8,2,2,572
12,9,4,9,573
9,10,2,8,574
6,12,4,8,575
7,14,9,8,576
6,4,8,5,577
15,14,6,10,578
3,5,7,2,579
6,5,5,2,580
9,5,4,5,581
9,15,2,8,582
2,8,4,10,583
15,3,6,4,584
7,8,7,5,585
3,10,6,8,586
10,6,4,7,587
9,1,5,4,588
6,8,3,10,589
12,15,9,5,590
9,6,6,11,591
4,11,4,4,592
8,9,9,10,593
4,11,2,8,594
15,5,2,4,595
7,9,9,10,596
2,5,4,11,597
8,14,7,4,598
1,9,10,3,599
15,7,7,6,600
10,7,7,8,501
10,2,9,10,502
1,3,8,4,503
1,3,2,5,504
6,3,2,8,505
8,14,9,9,506
2,11,8,3,507
10,3,3,10,508
4,11,9,2,509
13,12,3,7,510
