1,9,10,5,1601
5,13,8,3,1602
11,3,9,8,1603
4,15,8,8,1604
11,6,5,7,1605
4,7,5,5,1606
11,2,3,11,1607
12,14,9,11,1608
7,14,4,7,1609
6,7,8,6,1610
10,5,4,5,1611
9,2,9,7,1612
9,5,8,11,1613
3,1,3,2,1614
7,15,5,7,1615
1,8,2,3,1616
11,14,2,5,1617
7,10,7,9,1618
1,7,8,9,1619
6,9,6,4,1620
4,9,10,8,1621
5,8,5,9,1622
10,14,6,7,1623
8,11,10,5,1624
7,5,2,7,1625
1,9,9,10,1626
8,14,6,2,1627
4,3,2,9,1628
9,4,2,7,1629
2,10,3,3,1630
4,15,3,7,1631
10,5,6,7,1632
1,7,5,2,1633
6,2,5,4,1634
8,1,7,7,1635
14,2,7,5,1636
13,11,5,5,1637
12,3,2,6,1638
5,3,9,11,1639
5,6,10,2,1640
12,3,9,8,1641
8,11,6,6,1642
12,6,3,2,1643
10,8,2,8,1644
3,7,4,11,1645
11,5,10,9,1646
6,14,9,4,1647
10,11,6,2,1648
11,15,3,6,1649
15,5,2,8,1650
11,8,10,4,1551
1,6,6,10,1552
5,15,10,6,1553
12,4,5,5,1554
7,12,4,5,1555
11,9,2,4,1556
4,2,2,6,1557
1,4,4,6,1558
13,3,2,4,1559
12,9,4,9,1560
