4,5,3,3,4132
2,3,6,5,4133
7,12,7,4,4134
11,4,8,3,4135
11,15,5,5,4136
11,6,9,5,4137
1,14,6,5,4138
9,11,8,5,4139
10,12,3,2,4140
13,15,10,2,4141
1,9,8,5,4142
4,12,9,3,4143
10,12,7,4,4144
2,10,4,3,4145
4,2,5,2,4146
10,3,10,5,4147
13,11,7,3,4148
12,10,5,2,4149
1,5,4,5,4150
12,10,3,2,4151
5,14,4,3,4152
9,8,2,3,4153
10,9,2,3,4154
8,5,10,3,4155
3,6,6,5,4156
12,2,4,2,4157
15,5,2,2,4158
14,9,3,2,4159
10,2,2,5,4160
12,11,9,5,4161
3,4,10,5,4162
8,4,2,4,4163
12,11,10,4,4164
9,15,8,3,4165
7,6,5,5,4166
4,10,5,3,4167
11,3,7,4,4168
7,1,9,5,4169
13,8,10,3,4170
1,11,4,2,4171
9,5,2,5,4172
12,11,8,3,4173
14,11,4,3,4174
9,10,3,3,4175
9,10,10,2,4176
10,14,3,4,4177
13,5,8,4,4178
4,11,9,3,4179
11,1,5,2,4180
10,14,7,3,4181
10,8,9,2,4182
5,11,8,3,4081
5,6,9,2,4082
10,12,3,5,4083
14,3,4,5,4084
4,7,5,2,4085
2,5,9,3,4086
1,13,4,2,4087
10,14,10,5,4088
5,1,9,5,4089
12,11,7,3,4090
