4,7,9,5,2301
14,5,2,5,2302
5,15,9,7,2303
10,15,4,6,2304
2,1,7,6,2305
13,12,9,8,2306
8,12,9,5,2307
14,1,6,9,2308
13,4,10,10,2309
10,13,9,6,2310
5,1,8,5,2311
3,4,8,8,2312
2,13,2,6,2313
9,6,3,4,2314
15,9,10,4,2315
5,13,7,7,2316
9,6,5,4,2317
1,14,9,9,2318
5,9,4,2,2319
13,5,7,10,2320
9,5,6,6,2321
14,4,5,11,2322
6,2,4,10,2323
2,6,3,3,2324
2,11,7,10,2325
11,4,4,9,2326
11,3,8,8,2327
14,15,9,7,2328
2,8,4,11,2329
10,7,5,5,2330
12,6,8,5,2331
10,9,6,2,2332
9,2,7,8,2333
4,14,7,5,2334
11,1,8,8,2335
10,8,8,9,2336
1,2,3,6,2337
3,9,9,2,2338
4,6,3,6,2339
7,5,10,5,2340
6,2,3,10,2341
5,6,5,6,2342
11,2,5,11,2343
3,6,8,7,2344
6,15,4,10,2345
7,2,8,2,2346
14,8,5,6,2347
10,14,3,5,2348
13,2,5,2,2349
3,7,4,3,2350
1,8,9,2,2251
11,7,8,11,2252
12,10,6,2,2253
12,14,2,2,2254
1,3,2,5,2255
14,6,10,11,2256
2,9,2,10,2257
1,14,4,7,2258
4,8,4,9,2259
7,4,2,3,2260
