13,11,10,2,3622
11,4,10,3,3623
1,2,9,5,3624
14,8,3,3,3625
5,2,6,5,3626
3,5,9,4,3627
14,9,7,4,3628
3,13,5,2,3629
15,7,6,2,3630
5,13,9,3,3631
13,7,2,4,3632
10,9,8,5,3633
12,8,9,3,3634
12,3,4,4,3635
14,9,6,2,3636
6,13,4,3,3637
14,4,9,2,3638
4,6,7,3,3639
9,14,8,4,3640
12,8,2,4,3641
2,8,6,5,3642
6,3,8,5,3643
2,12,2,2,3644
13,14,8,2,3645
9,15,8,2,3646
8,14,9,2,3647
12,4,3,5,3648
11,3,7,4,3649
7,1,10,2,3650
10,12,5,4,3651
7,8,4,4,3652
12,8,5,4,3653
6,4,3,5,3654
5,2,7,5,3655
2,13,7,3,3656
4,14,10,5,3657
5,13,10,5,3658
10,7,3,4,3659
3,8,9,4,3660
14,4,10,3,3661
8,10,6,4,3662
2,8,5,2,3663
3,6,9,5,3664
2,5,3,4,3665
9,11,3,2,3666
14,5,7,3,3667
1,6,4,4,3668
6,5,4,2,3669
2,11,9,3,3670
5,8,7,4,3671
15,12,5,4,3672
3,15,3,3,3571
3,8,8,5,3572
8,10,7,3,3573
12,6,8,2,3574
6,3,5,2,3575
14,10,2,3,3576
12,3,7,4,3577
14,7,5,3,3578
14,15,4,2,3579
3,10,5,5,3580
