4,10,6,5,3651
13,14,3,10,3652
4,3,2,11,3653
1,15,5,5,3654
13,10,2,8,3655
5,9,5,3,3656
7,5,6,10,3657
10,1,3,7,3658
13,12,3,4,3659
14,4,4,7,3660
8,15,7,10,3661
11,1,8,9,3662
4,10,2,2,3663
7,14,7,2,3664
14,6,9,4,3665
15,6,5,4,3666
3,7,10,6,3667
1,3,4,4,3668
10,3,10,3,3669
2,1,6,4,3670
7,1,8,4,3671
3,12,7,5,3672
3,4,4,8,3673
14,8,4,10,3674
15,10,3,7,3675
3,12,4,5,3676
6,12,8,10,3677
2,10,7,6,3678
8,2,6,10,3679
13,2,6,6,3680
4,10,3,5,3681
13,6,5,4,3682
15,6,5,11,3683
14,6,2,7,3684
9,4,10,5,3685
13,6,6,4,3686
15,8,10,9,3687
13,14,4,2,3688
9,2,7,6,3689
15,5,10,6,3690
7,15,4,5,3691
1,7,2,8,3692
7,12,9,9,3693
8,3,6,10,3694
6,15,2,4,3695
5,2,5,6,3696
11,5,6,6,3697
15,6,2,9,3698
3,6,8,6,3699
1,10,5,3,3700
3,4,8,6,3601
2,4,2,8,3602
12,14,10,5,3603
9,2,8,11,3604
8,7,10,4,3605
12,13,2,7,3606
8,15,6,9,3607
1,10,4,5,3608
2,8,2,8,3609
5,2,10,11,3610
