6,3,4,8,451
1,2,9,3,452
4,14,5,4,453
6,10,7,10,454
8,10,3,7,455
13,4,9,9,456
12,10,8,6,457
5,6,8,11,458
5,11,10,10,459
2,6,7,3,460
8,5,8,2,461
11,7,7,5,462
4,2,7,7,463
1,6,3,11,464
6,14,7,8,465
12,1,7,10,466
2,7,5,11,467
12,13,8,9,468
4,9,5,11,469
3,14,9,8,470
9,5,8,3,471
12,9,8,5,472
11,15,5,3,473
8,9,4,4,474
11,3,6,11,475
2,11,2,7,476
13,3,2,5,477
6,13,2,9,478
4,7,3,10,479
14,5,5,11,480
1,2,8,10,481
12,9,6,2,482
15,13,8,5,483
8,4,10,7,484
8,13,4,4,485
13,4,7,2,486
1,11,5,4,487
7,6,6,4,488
14,7,3,6,489
5,6,5,10,490
1,2,4,9,491
14,9,3,9,492
9,15,2,9,493
1,12,7,7,494
10,2,9,11,495
14,13,2,5,496
1,7,8,7,497
13,2,9,6,498
6,8,8,9,499
3,13,10,7,500
4,7,10,4,401
5,11,3,10,402
10,7,3,4,403
8,2,8,4,404
5,1,2,11,405
8,15,10,8,406
4,7,6,7,407
5,10,7,10,408
13,8,2,2,409
8,11,9,9,410
